,ID,Count
0,18288,355.6929741756828
1,18289,283.8616022938861
2,18290,240.23434703797625
3,18291,198.49705836008968
4,18292,167.0755738806452
5,18293,149.5601980020408
6,18294,160.81782501026686
7,18295,186.50620017109236
8,18296,214.77352638152817
9,18297,277.5343228805041
10,18298,393.92845186954
11,18299,436.72134060939914
12,18300,441.3482821984066
13,18301,390.3381474671412
14,18302,417.3665658204112
15,18303,412.09488646900184
16,18304,401.57681160000254
17,18305,410.93183011329506
18,18306,421.0453636411793
19,18307,446.77166455273425
20,18308,429.3321401755883
21,18309,400.7361241254963
22,18310,402.1899445701295
23,18311,392.68322305391945
24,18312,358.3589322550233
25,18313,285.9891763169708
26,18314,242.03492997022346
27,18315,199.98481570949127
28,18316,168.32782373764564
29,18317,150.68116818464094
30,18318,162.02317234916686
31,18319,187.90408471560863
32,18320,216.38327765427186
33,18321,279.61447324639835
34,18322,396.8809890721022
35,18323,439.99461523371883
36,18324,444.656236260352
37,18325,393.2637749421468
38,18326,420.4947742725859
39,18327,415.1835831028979
40,18328,404.5866741024652
41,18329,414.0118095115038
42,18330,424.2011450888432
43,18331,450.1202674637001
44,18332,432.5500319275246
45,18333,403.7396855825981
46,18334,405.20440257184043
47,18335,395.6264271291425
48,18336,361.0248903343637
49,18337,288.1167503400555
50,18338,243.83551290247058
51,18339,201.47257305889292
52,18340,169.58007359464602
53,18341,151.80213836724107
54,18342,163.22851968806683
55,18343,189.3019692601249
56,18344,217.99302892701544
57,18345,281.6946236122926
58,18346,399.8335262746643
59,18347,443.26788985803836
60,18348,447.9641903222973
61,18349,396.1894024171523
62,18350,423.6229827247605
63,18351,418.27227973679396
64,18352,407.59653660492785
65,18353,417.0917889097126
66,18354,427.35692653650716
67,18355,453.46887037466576
68,18356,435.767923679461
69,18357,406.7432470396997
70,18358,408.2188605735513
71,18359,398.56963120436535
72,18360,363.6908484137042
73,18361,290.2443243631402
74,18362,245.63609583471782
75,18363,202.96033040829457
76,18364,170.83232345164643
77,18365,152.9231085498412
78,18366,164.43386702696682
79,18367,190.69985380464118
80,18368,219.60278019975914
81,18369,283.7747739781869
82,18370,402.78606347722643
83,18371,446.5411644823579
84,18372,451.27214438424267
85,18373,399.11502989215785
86,18374,426.7511911769352
87,18375,421.3609763706901
88,18376,410.6063991073905
89,18377,420.17176830792135
90,18378,430.5127079841712
91,18379,456.8174732856314
92,18380,438.9858154313973
93,18381,409.74680849680146
94,18382,411.23331857526216
95,18383,401.5128352795884
96,18384,366.3568064930447
97,18385,292.37189838622487
98,18386,247.43667876696497
99,18387,204.4480877576962
100,18388,172.08457330864684
101,18389,154.04407873244133
102,18390,165.6392143658668
103,18391,192.09773834915745
104,18392,221.21253147250275
105,18393,285.85492434408116
106,18394,405.73860067978853
107,18395,449.8144391066776
108,18396,454.5800984461881
109,18397,402.0406573671634
110,18398,429.8793996291098
111,18399,424.44967300458626
112,18400,413.61626160985315
113,18401,423.2517477061301
114,18402,433.6684894318352
115,18403,460.16607619659726
116,18404,442.2037071833337
117,18405,412.75036995390315
118,18406,414.24777657697314
119,18407,404.4560393548114
120,18408,369.0227645723851
121,18409,294.49947240930953
122,18410,249.23726169921218
123,18411,205.9358451070978
124,18412,173.33682316564725
125,18413,155.16504891504147
126,18414,166.84456170476676
127,18415,193.49562289367373
128,18416,222.8222827452464
129,18417,287.9350747099754
130,18418,408.69113788235063
131,18419,453.0877137309971
132,18420,457.8880525081334
133,18421,404.9662848421689
134,18422,433.0076080812844
135,18423,427.5383696384823
136,18424,416.6261241123158
137,18425,426.3317271043388
138,18426,436.8242708794992
139,18427,463.5146791075629
140,18428,445.42159893527
141,18429,415.75393141100477
142,18430,417.26223457868394
143,18431,407.3992434300343
144,18432,371.6887226517256
145,18433,296.6270464323942
146,18434,251.03784463145934
147,18435,207.42360245649942
148,18436,174.58907302264765
149,18437,156.2860190976416
150,18438,168.0499090436668
151,18439,194.89350743819
152,18440,224.43203401799002
153,18441,290.0152250758697
154,18442,411.64367508491284
155,18443,456.36098835531664
156,18444,461.1960065700788
157,18445,407.8919123171745
158,18446,436.13581653345904
159,18447,430.6270662723784
160,18448,419.6359866147785
161,18449,429.41170650254753
162,18450,439.9800523271632
163,18451,466.8632820185286
164,18452,448.6394906872064
165,18453,418.7574928681065
166,18454,420.27669258039475
167,18455,410.3424475052573
168,18456,374.3546807310661
169,18457,298.75462045547897
170,18458,252.83842756370655
171,18459,208.9113598059011
172,18460,175.8413228796481
173,18461,157.40698928024173
174,18462,169.25525638256676
175,18463,196.29139198270627
176,18464,226.04178529073369
177,18465,292.09537544176396
178,18466,414.59621228747505
179,18467,459.63426297963633
180,18468,464.50396063202413
181,18469,410.81753979218
182,18470,439.2640249856337
183,18471,433.71576290627456
184,18472,422.64584911724126
185,18473,432.4916859007564
186,18474,443.1358337748271
187,18475,470.21188492949443
188,18476,451.8573824391427
189,18477,421.7610543252082
190,18478,423.29115058210573
191,18479,413.28565158048025
192,18480,377.0206388104066
193,18481,300.88219447856363
194,18482,254.63901049595376
195,18483,210.3991171553027
196,18484,177.0935727366485
197,18485,158.52795946284186
198,18486,170.46060372146675
199,18487,197.68927652722257
200,18488,227.65153656347735
201,18489,294.17552580765823
202,18490,417.5487494900372
203,18491,462.9075376039559
204,18492,467.81191469396947
205,18493,413.74316726718564
206,18494,442.3922334378084
207,18495,436.8044595401707
208,18496,425.6557116197039
209,18497,435.5716652989652
210,18498,446.29161522249115
211,18499,473.56048784046015
212,18500,455.07527419107913
213,18501,424.7646157823099
214,18502,426.3056085838166
215,18503,416.2288556557032
216,18504,379.6865968897471
217,18505,303.0097685016483
218,18506,256.43959342820096
219,18507,211.88687450470437
220,18508,178.34582259364893
221,18509,159.64892964544202
222,18510,171.66595106036678
223,18511,199.08716107173882
224,18512,229.261287836221
225,18513,296.2556761735525
226,18514,420.50128669259936
227,18515,466.1808122282755
228,18516,471.1198687559149
229,18517,416.66879474219115
230,18518,445.5204418899831
231,18519,439.8931561740668
232,18520,428.66557412216656
233,18521,438.65164469717394
234,18522,449.4473966701552
235,18523,476.9090907514259
236,18524,458.29316594301554
237,18525,427.7681772394116
238,18526,429.32006658552757
239,18527,419.17205973092626
240,18528,382.35255496908746
241,18529,305.13734252473296
242,18530,258.24017636044806
243,18531,213.37463185410593
244,18532,179.5980724506493
245,18533,160.76989982804213
246,18534,172.87129839926675
247,18535,200.4850456162551
248,18536,230.87103910896462
249,18537,298.3358265394467
250,18538,423.45382389516146
251,18539,469.4540868525951
252,18540,474.4278228178602
253,18541,419.59442221719667
254,18542,448.6486503421577
255,18543,442.9818528079629
256,18544,431.6754366246292
257,18545,441.7316240953826
258,18546,452.6031781178191
259,18547,480.2576936623916
260,18548,461.5110576949518
261,18549,430.77173869651335
262,18550,432.3345245872384
263,18551,422.1152638061492
264,18552,385.01851304842796
265,18553,307.2649165478177
266,18554,260.04075929269527
267,18555,214.8623892035076
268,18556,180.85032230764975
269,18557,161.8908700106423
270,18558,174.07664573816675
271,18559,201.8829301607714
272,18560,232.48079038170826
273,18561,300.415976905341
274,18562,426.40636109772356
275,18563,472.72736147691467
276,18564,477.7357768798056
277,18565,422.52004969220224
278,18566,451.7768587943323
279,18567,446.07054944185893
280,18568,434.68529912709187
281,18569,444.8116034935914
282,18570,455.7589595654831
283,18571,483.6062965733573
284,18572,464.7289494468882
285,18573,433.77530015361504
286,18574,435.3489825889493
287,18575,425.05846788137217
288,18576,387.68447112776846
289,18577,309.3924905709024
290,18578,261.8413422249425
291,18579,216.35014655290922
292,18580,182.10257216465018
293,18581,163.01184019324245
294,18582,175.28199307706672
295,18583,203.28081470528764
296,18584,234.09054165445195
297,18585,302.49612727123525
298,18586,429.3588983002858
299,18587,476.00063610123436
300,18588,481.043730941751
301,18589,425.4456771672078
302,18590,454.905067246507
303,18591,449.1592460757551
304,18592,437.6951616295545
305,18593,447.8915828918001
306,18594,458.9147410131471
307,18595,486.95489948432305
308,18596,467.9468411988246
309,18597,436.7788616107167
310,18598,438.36344059066016
311,18599,428.0016719565952
312,18600,390.35042920710885
313,18601,311.52006459398706
314,18602,263.6419251571897
315,18603,217.83790390231084
316,18604,183.35482202165056
317,18605,164.13281037584252
318,18606,176.48734041596668
319,18607,204.6786992498039
320,18608,235.70029292719553
321,18609,304.57627763712946
322,18610,432.31143550284787
323,18611,479.27391072555383
324,18612,484.3516850036963
325,18613,428.3713046422133
326,18614,458.03327569868156
327,18615,452.24794270965117
328,18616,440.7050241320171
329,18617,450.97156229000893
330,18618,462.07052246081105
331,18619,490.3035023952888
332,18620,471.16473295076094
333,18621,439.7824230678184
334,18622,441.37789859237097
335,18623,430.9448760318181
336,18624,393.0163872864493
337,18625,313.6476386170717
338,18626,265.44250808943684
339,18627,219.32566125171252
340,18628,184.607071878651
341,18629,165.25378055844268
342,18630,177.69268775486668
343,18631,206.07658379432021
344,18632,237.31004419993917
345,18633,306.65642800302373
346,18634,435.2639727054101
347,18635,482.5471853498734
348,18636,487.6596390656417
349,18637,431.29693211721883
350,18638,461.16148415085627
351,18639,455.3366393435473
352,18640,443.71488663447985
353,18641,454.05154168821764
354,18642,465.2263039084751
355,18643,493.6521053062545
356,18644,474.3826247026973
357,18645,442.7859845249201
358,18646,444.3923565940819
359,18647,433.8880801070411
360,18648,395.6823453657898
361,18649,315.77521264015644
362,18650,267.243091021684
363,18651,220.8134186011141
364,18652,185.8593217356514
365,18653,166.37475074104282
366,18654,178.89803509376668
367,18655,207.47446833883646
368,18656,238.91979547268284
369,18657,308.73657836891806
370,18658,438.21650990797224
371,18659,485.8204599741931
372,18660,490.96759312758707
373,18661,434.22255959222446
374,18662,464.28969260303086
375,18663,458.4253359774434
376,18664,446.7247491369426
377,18665,457.13152108642646
378,18666,468.3820853561391
379,18667,497.0007082172202
380,18668,477.6005164546337
381,18669,445.78954598202176
382,18670,447.4068145957928
383,18671,436.8312841822641
384,18672,398.3483034451303
385,18673,317.9027866632411
386,18674,269.04367395393126
387,18675,222.30117595051578
388,18676,187.11157159265184
389,18677,167.49572092364298
390,18678,180.10338243266668
391,18679,208.8723528833528
392,18680,240.5295467454265
393,18681,310.81672873481233
394,18682,441.1690471105344
395,18683,489.09373459851264
396,18684,494.2755471895324
397,18685,437.14818706722997
398,18686,467.41790105520556
399,18687,461.51403261133953
400,18688,449.7346116394053
401,18689,460.21150048463517
402,18690,471.5378668038031
403,18691,500.349311128186
404,18692,480.8184082065701
405,18693,448.7931074391235
406,18694,450.42127259750373
407,18695,439.77448825748706
408,18696,401.0142615244708
409,18697,320.0303606863258
410,18698,270.8442568861784
411,18699,223.7889332999174
412,18700,188.36382144965225
413,18701,168.6166911062431
414,18702,181.30872977156668
415,18703,210.27023742786903
416,18704,242.13929801817017
417,18705,312.8968791007066
418,18706,444.1215843130965
419,18707,492.3670092228323
420,18708,497.5835012514778
421,18709,440.0738145422355
422,18710,470.5461095073802
423,18711,464.60272924523565
424,18712,452.7444741418679
425,18713,463.291479882844
426,18714,474.69364825146704
427,18715,503.6979140391518
428,18716,484.03629995850645
429,18717,451.79666889622524
430,18718,453.43573059921465
431,18719,442.71769233271004
432,18720,403.6802196038112
433,18721,322.1579347094105
434,18722,272.64483981842557
435,18723,225.27669064931902
436,18724,189.61607130665266
437,18725,169.73766128884324
438,18726,182.51407711046664
439,18727,211.66812197238528
440,18728,243.74904929091377
441,18729,314.9770294666008
442,18730,447.0741215156586
443,18731,495.64028384715186
444,18732,500.8914553134231
445,18733,442.99944201724105
446,18734,473.6743179595548
447,18735,467.69142587913177
448,18736,455.7543366443305
449,18737,466.37145928105264
450,18738,477.84942969913095
451,18739,507.0465169501174
452,18740,487.25419171044274
453,18741,454.8002303533268
454,18742,456.45018860092546
455,18743,445.660896407933
456,18744,406.3461776831517
457,18745,324.2855087324952
458,18746,274.4454227506728
459,18747,226.76444799872064
460,18748,190.86832116365304
461,18749,170.85863147144337
462,18750,183.71942444936664
463,18751,213.0660065169016
464,18752,245.35880056365744
465,18753,317.0571798324951
466,18754,450.0266587182208
467,18755,498.9135584714714
468,18756,504.19940937536853
469,18757,445.9250694922465
470,18758,476.80252641172945
471,18759,470.7801225130279
472,18760,458.7641991467932
473,18761,469.4514386792615
474,18762,481.005211146795
475,18763,510.3951198610832
476,18764,490.47208346237915
477,18765,457.80379181042855
478,18766,459.4646466026363
479,18767,448.604100483156
480,18768,409.0121357624921
481,18769,326.41308275557986
482,18770,276.24600568292
483,18771,228.2522053481223
484,18772,192.1205710206535
485,18773,171.9796016540435
486,18774,184.92477178826664
487,18775,214.46389106141785
488,18776,246.96855183640108
489,18777,319.13733019838935
490,18778,452.979195920783
491,18779,502.18683309579103
492,18780,507.50736343731387
493,18781,448.85069696725213
494,18782,479.93073486390415
495,18783,473.86881914692395
496,18784,461.77406164925594
497,18785,472.5314180774702
498,18786,484.160992594459
499,18787,513.743722772049
500,18788,493.6899752143155
501,18789,460.8073532675303
502,18790,462.47910460434724
503,18791,451.547304558379
504,18792,411.6780938418325
505,18793,328.5406567786645
506,18794,278.04658861516714
507,18795,229.73996269752388
508,18796,193.37282087765385
509,18797,173.1005718366436
510,18798,186.1301191271666
511,18799,215.8617756059341
512,18800,248.57830310914466
513,18801,321.21748056428356
514,18802,455.9317331233451
515,18803,505.4601077201106
516,18804,510.8153174992592
517,18805,451.7763244422576
518,18806,483.05894331607874
519,18807,476.95751578082
520,18808,464.78392415171857
521,18809,475.6113974756789
522,18810,487.316774042123
523,18811,517.0923256830146
524,18812,496.9078669662518
525,18813,463.81091472463197
526,18814,465.49356260605805
527,18815,454.49050863360196
528,18816,414.344051921173
529,18817,330.66823080174925
530,18818,279.84717154741435
531,18819,231.22772004692553
532,18820,194.62507073465432
533,18821,174.22154201924377
534,18822,187.3354664660666
535,18823,217.25966015045043
536,18824,250.18805438188835
537,18825,323.29763093017783
538,18826,458.88427032590727
539,18827,508.7333823444302
540,18828,514.1232715612045
541,18829,454.70195191726316
542,18830,486.18715176825344
543,18831,480.04621241471614
544,18832,467.7937866541812
545,18833,478.6913768738877
546,18834,490.47255548978694
547,18835,520.4409285939803
548,18836,500.1257587181882
549,18837,466.81447618173365
550,18838,468.508020607769
551,18839,457.43371270882494
552,18840,417.0100100005135
553,18841,332.79580482483397
554,18842,281.6477544796615
555,18843,232.71547739632717
556,18844,195.87732059165472
557,18845,175.3425122018439
558,18846,188.5408138049666
559,18847,218.65754469496667
560,18848,251.797805654632
561,18849,325.3777812960721
562,18850,461.8368075284694
563,18851,512.0066569687498
564,18852,517.43122562315
565,18853,457.62757939226873
566,18854,489.3153602204281
567,18855,483.1349090486123
568,18856,470.8036491566439
569,18857,481.77135627209645
570,18858,493.62833693745097
571,18859,523.7895315049461
572,18860,503.34365047012454
573,18861,469.8180376388354
574,18862,471.5224786094799
575,18863,460.37691678404786
576,18864,419.675968079854
577,18865,334.9233788479186
578,18866,283.4483374119087
579,18867,234.20323474572882
580,18868,197.12957044865513
581,18869,176.46348238444403
582,18870,189.7461611438666
583,18871,220.05542923948298
584,18872,253.40755692737565
585,18873,327.45793166196637
586,18874,464.7893447310315
587,18875,515.2799315930695
588,18876,520.7391796850955
589,18877,460.5532068672743
590,18878,492.44356867260274
591,18879,486.2236056825084
592,18880,473.8135116591066
593,18881,484.8513356703052
594,18882,496.784118385115
595,18883,527.1381344159118
596,18884,506.5615422220609
597,18885,472.82159909593713
598,18886,474.53693661119087
599,18887,463.3201208592709
600,18888,422.3419261591945
601,18889,337.05095287100335
602,18890,285.2489203441559
603,18891,235.69099209513044
604,18892,198.3818203056556
605,18893,177.5844525670442
606,18894,190.9515084827666
607,18895,221.45331378399925
608,18896,255.01730820011932
609,18897,329.5380820278607
610,18898,467.74188193359373
611,18899,518.5532062173891
612,18900,524.0471337470407
613,18901,463.47883434227987
614,18902,495.57177712477744
615,18903,489.3123023164045
616,18904,476.82337416156923
617,18905,487.931315068514
618,18906,499.939899832779
619,18907,530.4867373268776
620,18908,509.7794339739973
621,18909,475.8251605530388
622,18910,477.5513946129017
623,18911,466.2633249344939
624,18912,425.0078842385349
625,18913,339.178526894088
626,18914,287.04950327640313
627,18915,237.17874944453206
628,18916,199.63407016265595
629,18917,178.7054227496443
630,18918,192.15685582166657
631,18919,222.8511983285155
632,18920,256.6270594728629
633,18921,331.6182323937549
634,18922,470.69441913615583
635,18923,521.8264808417085
636,18924,527.355087808986
637,18925,466.4044618172853
638,18926,498.69998557695203
639,18927,492.4009989503006
640,18928,479.83323666403186
641,18929,491.01129446672275
642,18930,503.09568128044293
643,18931,533.8353402378433
644,18932,512.9973257259336
645,18933,478.82872201014044
646,18934,480.5658526146125
647,18935,469.2065290097168
648,18936,427.67384231787537
649,18937,341.30610091717267
650,18938,288.8500862086503
651,18939,238.6665067939337
652,18940,200.88632001965635
653,18941,179.82639293224443
654,18942,193.3622031605666
655,18943,224.2490828730318
656,18944,258.2368107456066
657,18945,333.6983827596492
658,18946,473.64695633871804
659,18947,525.0997554660282
660,18948,530.6630418709315
661,18949,469.33008929229095
662,18950,501.8281940291266
663,18951,495.48969558419674
664,18952,482.84309916649454
665,18953,494.0912738649315
666,18954,506.25146272810684
667,18955,537.183943148809
668,18956,516.2152174778699
669,18957,481.8322834672422
670,18958,483.58031061632346
671,18959,472.14973308493984
672,18960,430.33980039721587
673,18961,343.4336749402574
674,18962,290.65066914089743
675,18963,240.15426414333535
676,18964,202.1385698766568
677,18965,180.9473631148446
678,18966,194.56755049946656
679,18967,225.64696741754807
680,18968,259.8465620183502
681,18969,335.77853312554345
682,18970,476.5994935412802
683,18971,528.3730300903478
684,18972,533.9709959328768
685,18973,472.25571676729646
686,18974,504.9564024813013
687,18975,498.57839221809286
688,18976,485.8529616689573
689,18977,497.1712532631403
690,18978,509.40724417577087
691,18979,540.5325460597747
692,18980,519.4331092298064
693,18981,484.83584492434386
694,18982,486.5947686180343
695,18983,475.0929371601628
696,18984,433.00575847655625
697,18985,345.56124896334205
698,18986,292.45125207314464
699,18987,241.64202149273694
700,18988,203.39081973365717
701,18989,182.0683332974447
702,18990,195.77289783836653
703,18991,227.0448519620643
704,18992,261.45631329109386
705,18993,337.85868349143766
706,18994,479.5520307438423
707,18995,531.6463047146673
708,18996,537.2789499948221
709,18997,475.181344242302
710,18998,508.0846109334759
711,18999,501.66708885198886
712,19000,488.8628241714199
713,19001,500.2512326613489
714,19002,512.5630256234349
715,19003,543.8811489707405
716,19004,522.6510009817426
717,19005,487.8394063814455
718,19006,489.6092266197452
719,19007,478.03614123538574
720,19008,435.67171655589675
721,19009,347.68882298642677
722,19010,294.25183500539185
723,19011,243.1297788421386
724,19012,204.6430695906576
725,19013,183.18930348004486
726,19014,196.97824517726653
727,19015,228.44273650658062
728,19016,263.0660645638375
729,19017,339.93883385733193
730,19018,482.50456794640445
731,19019,534.919579338987
732,19020,540.5869040567675
733,19021,478.10697171730754
734,19022,511.21281938565056
735,19023,504.755785485885
736,19024,491.87268667388264
737,19025,503.33121205955774
738,19026,515.7188070710988
739,19027,547.2297518817062
740,19028,525.868892733679
741,19029,490.8429678385472
742,19030,492.6236846214561
743,19031,480.9793453106088
744,19032,438.33767463523725
745,19033,349.81639700951143
746,19034,296.052417937639
747,19035,244.61753619154024
748,19036,205.89531944765804
749,19037,184.310273662645
750,19038,198.1835925161665
751,19039,229.8406210510969
752,19040,264.67581583658114
753,19041,342.0189842232262
754,19042,485.45710514896666
755,19043,538.1928539633066
756,19044,543.8948581187129
757,19045,481.0325991923131
758,19046,514.3410278378252
759,19047,507.84448211978116
760,19048,494.88254917634526
761,19049,506.41119145776656
762,19050,518.874588518763
763,19051,550.5783547926719
764,19052,529.0867844856155
765,19053,493.8465292956489
766,19054,495.6381426231669
767,19055,483.92254938583164
768,19056,441.00363271457775
769,19057,351.9439710325961
770,19058,297.8530008698862
771,19059,246.10529354094186
772,19060,207.14756930465842
773,19061,185.43124384524515
774,19062,199.3889398550665
775,19063,231.23850559561316
776,19064,266.2855671093248
777,19065,344.09913458912047
778,19066,488.40964235152876
779,19067,541.4661285876261
780,19068,547.2028121806583
781,19069,483.9582266673187
782,19070,517.4692362899999
783,19071,510.93317875367734
784,19072,497.89241167880795
785,19073,509.4911708559753
786,19074,522.0303699664269
787,19075,553.9269577036378
788,19076,532.3046762375518
789,19077,496.8500907527507
790,19078,498.6526006248779
791,19079,486.8657534610547
792,19080,443.66959079391813
793,19081,354.0715450556809
794,19082,299.6535838021334
795,19083,247.59305089034353
796,19084,208.39981916165888
797,19085,186.55221402784528
798,19086,200.59428719396652
799,19087,232.63639014012944
800,19088,267.89531838206847
801,19089,346.17928495501474
802,19090,491.36217955409097
803,19091,544.7394032119457
804,19092,550.5107662426036
805,19093,486.88385414232425
806,19094,520.5974447421746
807,19095,514.0218753875733
808,19096,500.9022741812706
809,19097,512.5711502541841
810,19098,525.1861514140909
811,19099,557.2755606146034
812,19100,535.5225679894882
813,19101,499.8536522098524
814,19102,501.66705862658876
815,19103,489.8089575362777
816,19104,446.33554887325863
817,19105,356.19911907876553
818,19106,301.4541667343806
819,19107,249.0808082397451
820,19108,209.65206901865923
821,19109,187.67318421044538
822,19110,201.7996345328665
823,19111,234.0342746846457
824,19112,269.5050696548121
825,19113,348.259435320909
826,19114,494.31471675665307
827,19115,548.0126778362653
828,19116,553.818720304549
829,19117,489.80948161732977
830,19118,523.7256531943492
831,19119,517.1105720214695
832,19120,503.91213668373325
833,19121,515.6511296523928
834,19122,528.3419328617548
835,19123,560.6241635255691
836,19124,538.7404597414245
837,19125,502.85721366695407
838,19126,504.6815166282996
839,19127,492.7521616115006
840,19128,449.0015069525991
841,19129,358.3266931018502
842,19130,303.2547496666278
843,19131,250.56856558914677
844,19132,210.9043188756597
845,19133,188.79415439304552
846,19134,203.00498187176646
847,19135,235.43215922916198
848,19136,271.1148209275557
849,19137,350.3395856868033
850,19138,497.2672539592152
851,19139,551.2859524605849
852,19140,557.1266743664943
853,19141,492.7351090923353
854,19142,526.8538616465239
855,19143,520.1992686553656
856,19144,506.9219991861959
857,19145,518.7311090506015
858,19146,531.4977143094188
859,19147,563.9727664365349
860,19148,541.9583514933609
861,19149,505.86077512405575
862,19150,507.69597463001054
863,19151,495.6953656867236
864,19152,451.66746503193957
865,19153,360.45426712493486
866,19154,305.05533259887494
867,19155,252.05632293854836
868,19156,212.1565687326601
869,19157,189.91512457564568
870,19158,204.2103292106665
871,19159,236.83004377367826
872,19160,272.7245722002994
873,19161,352.41973605269754
874,19162,500.2197911617774
875,19163,554.5592270849045
876,19164,560.4346284284397
877,19165,495.6607365673409
878,19166,529.9820700986985
879,19167,523.2879652892617
880,19168,509.9318616886586
881,19169,521.8110884488103
882,19170,534.6534957570829
883,19171,567.3213693475006
884,19172,545.1762432452972
885,19173,508.86433658115743
886,19174,510.71043263172146
887,19175,498.63856976194666
888,19176,454.33342311128
889,19177,362.5818411480195
890,19178,306.85591553112215
891,19179,253.54408028795
892,19180,213.4088185896605
893,19181,191.03609475824578
894,19182,205.41567654956646
895,19183,238.22792831819453
896,19184,274.334323473043
897,19185,354.4998864185918
898,19186,503.1723283643395
899,19187,557.8325017092241
900,19188,563.7425824903851
901,19189,498.58636404234636
902,19190,533.1102785508731
903,19191,526.3766619231578
904,19192,512.9417241911212
905,19193,524.891067847019
906,19194,537.8092772047468
907,19195,570.6699722584663
908,19196,548.3941349972336
909,19197,511.8678980382591
910,19198,513.7248906334323
911,19199,501.5817738371695
912,19200,456.9993811906205
913,19201,364.70941517110424
914,19202,308.6564984633693
915,19203,255.03183763735166
916,19204,214.66106844666092
917,19205,192.15706494084594
918,19206,206.62102388846645
919,19207,239.6258128627108
920,19208,275.9440747457867
921,19209,356.5800367844861
922,19210,506.1248655669017
923,19211,561.1057763335436
924,19212,567.0505365523304
925,19213,501.51199151735193
926,19214,536.2384870030477
927,19215,529.4653585570538
928,19216,515.951586693584
929,19217,527.9710472452279
930,19218,540.9650586524108
931,19219,574.0185751694321
932,19220,551.6120267491699
933,19221,514.8714594953608
934,19222,516.7393486351432
935,19223,504.52497791239256
936,19224,459.665339269961
937,19225,366.83698919418896
938,19226,310.4570813956165
939,19227,256.5195949867533
940,19228,215.91331830366133
941,19229,193.2780351234461
942,19230,207.82637122736642
943,19231,241.02369740722708
944,19232,277.5538260185303
945,19233,358.66018715038035
946,19234,509.0774027694638
947,19235,564.3790509578632
948,19236,570.3584906142758
949,19237,504.43761899235744
950,19238,539.3666954552224
951,19239,532.5540551909501
952,19240,518.9614491960467
953,19241,531.0510266434366
954,19242,544.1208401000747
955,19243,577.3671780803977
956,19244,554.8299185011064
957,19245,517.8750209524625
958,19246,519.753806636854
959,19247,507.4681819876155
960,19248,462.3312973493015
961,19249,368.9645632172736
962,19250,312.2576643278637
963,19251,258.00735233615495
964,19252,217.1655681606618
965,19253,194.3990053060462
966,19254,209.03171856626642
967,19255,242.42158195174338
968,19256,279.16357729127395
969,19257,360.7403375162746
970,19258,512.029939972026
971,19259,567.6523255821829
972,19260,573.6664446762212
973,19261,507.36324646736296
974,19262,542.4949039073971
975,19263,535.6427518248462
976,19264,521.9713116985092
977,19265,534.1310060416454
978,19266,547.2766215477388
979,19267,580.7157809913635
980,19268,558.0478102530427
981,19269,520.8785824095642
982,19270,522.7682646385649
983,19271,510.41138606283846
984,19272,464.9972554286419
985,19273,371.09213724035834
986,19274,314.0582472601109
987,19275,259.49510968555654
988,19276,218.41781801766217
989,19277,195.51997548864637
990,19278,210.23706590516645
991,19279,243.81946649625962
992,19280,280.7733285640176
993,19281,362.8204878821689
994,19282,514.9824771745882
995,19283,570.9256002065025
996,19284,576.9743987381667
997,19285,510.2888739423686
998,19286,545.6231123595717
999,19287,538.7314484587423
1000,19288,524.981174200972
1001,19289,537.2109854398541
1002,19290,550.4324029954028
1003,19291,584.0643839023294
1004,19292,561.2657020049791
1005,19293,523.882143866666
1006,19294,525.7827226402759
1007,19295,513.3545901380614
1008,19296,467.6632135079823
1009,19297,373.219711263443
1010,19298,315.8588301923581
1011,19299,260.9828670349582
1012,19300,219.6700678746626
1013,19301,196.64094567124647
1014,19302,211.44241324406642
1015,19303,245.2173510407759
1016,19304,282.3830798367612
1017,19305,364.9006382480631
1018,19306,517.9350143771503
1019,19307,574.198874830822
1020,19308,580.2823528001119
1021,19309,513.2145014173741
1022,19310,548.7513208117464
1023,19311,541.8201450926383
1024,19312,527.9910367034346
1025,19313,540.2909648380628
1026,19314,553.5881844430668
1027,19315,587.412986813295
1028,19316,564.4835937569154
1029,19317,526.8857053237676
1030,19318,528.7971806419868
1031,19319,516.2977942132844
1032,19320,470.3291715873228
1033,19321,375.34728528652766
1034,19322,317.6594131246053
1035,19323,262.4706243843598
1036,19324,220.922317731663
1037,19325,197.7619158538466
1038,19326,212.64776058296638
1039,19327,246.6152355852922
1040,19328,283.9928311095049
1041,19329,366.9807886139574
1042,19330,520.8875515797124
1043,19331,577.4721494551417
1044,19332,583.5903068620572
1045,19333,516.1401288923796
1046,19334,551.879529263921
1047,19335,544.9088417265344
1048,19336,531.0008992058973
1049,19337,543.3709442362716
1050,19338,556.7439658907307
1051,19339,590.7615897242607
1052,19340,567.7014855088518
1053,19341,529.8892667808693
1054,19342,531.8116386436976
1055,19343,519.2409982885074
1056,19344,472.9951296666633
1057,19345,377.4748593096124
1058,19346,319.45999605685245
1059,19347,263.9583817337615
1060,19348,222.17456758866342
1061,19349,198.88288603644676
1062,19350,213.8531079218664
1063,19351,248.01312012980844
1064,19352,285.60258238224856
1065,19353,369.06093897985164
1066,19354,523.8400887822746
1067,19355,580.7454240794613
1068,19356,586.8982609240027
1069,19357,519.0657563673851
1070,19358,555.0077377160957
1071,19359,547.9975383604306
1072,19360,534.01076170836
1073,19361,546.4509236344804
1074,19362,559.8997473383947
1075,19363,594.1101926352264
1076,19364,570.9193772607881
1077,19365,532.8928282379711
1078,19366,534.8260966454085
1079,19367,522.1842023637305
1080,19368,475.6610877460037
1081,19369,379.60243333269705
1082,19370,321.2605789890996
1083,19371,265.446139083163
1084,19372,223.4268174456638
1085,19373,200.0038562190469
1086,19374,215.05845526076638
1087,19375,249.41100467432472
1088,19376,287.21233365499216
1089,19377,371.14108934574585
1090,19378,526.7926259848367
1091,19379,584.0186987037808
1092,19380,590.2062149859479
1093,19381,521.9913838423906
1094,19382,558.1359461682703
1095,19383,551.0862349943267
1096,19384,537.0206242108226
1097,19385,549.5309030326891
1098,19386,563.0555287860586
1099,19387,597.458795546192
1100,19388,574.1372690127245
1101,19389,535.8963896950727
1102,19390,537.8405546471193
1103,19391,525.1274064389534
1104,19392,478.3270458253442
1105,19393,381.73000735578177
1106,19394,323.0611619213468
1107,19395,266.93389643256467
1108,19396,224.67906730266424
1109,19397,201.124826401647
1110,19398,216.26380259966635
1111,19399,250.80888921884102
1112,19400,288.8220849277358
1113,19401,373.2212397116401
1114,19402,529.7451631873988
1115,19403,587.2919733281004
1116,19404,593.5141690478933
1117,19405,524.9170113173963
1118,19406,561.264154620445
1119,19407,554.1749316282228
1120,19408,540.0304867132853
1121,19409,552.6108824308978
1122,19410,566.2113102337227
1123,19411,600.8073984571579
1124,19412,577.3551607646608
1125,19413,538.8999511521744
1126,19414,540.8550126488302
1127,19415,528.0706105141763
1128,19416,480.9930039046847
1129,19417,383.8575813788664
1130,19418,324.861744853594
1131,19419,268.4216537819663
1132,19420,225.93131715966467
1133,19421,202.24579658424716
1134,19422,217.46914993856635
1135,19423,252.20677376335726
1136,19424,290.43183620047944
1137,19425,375.30139007753445
1138,19426,532.697700389961
1139,19427,590.56524795242
1140,19428,596.8221231098387
1141,19429,527.8426387924018
1142,19430,564.3923630726197
1143,19431,557.2636282621188
1144,19432,543.0403492157479
1145,19433,555.6908618291066
1146,19434,569.3670916813867
1147,19435,604.1560013681237
1148,19436,580.5730525165972
1149,19437,541.903512609276
1150,19438,543.8694706505412
1151,19439,531.0138145893993
1152,19440,483.65896198402515
1153,19441,385.98515540195115
1154,19442,326.6623277858412
1155,19443,269.90941113136796
1156,19444,227.18356701666508
1157,19445,203.36676676684726
1158,19446,218.67449727746634
1159,19447,253.6046583078736
1160,19448,292.0415874732231
1161,19449,377.3815404434287
1162,19450,535.6502375925231
1163,19451,593.8385225767397
1164,19452,600.1300771717841
1165,19453,530.7682662674074
1166,19454,567.5205715247941
1167,19455,560.352324896015
1168,19456,546.0502117182107
1169,19457,558.7708412273154
1170,19458,572.5228731290506
1171,19459,607.5046042790893
1172,19460,583.7909442685336
1173,19461,544.9070740663778
1174,19462,546.883928652252
1175,19463,533.9570186646223
1176,19464,486.32492006336565
1177,19465,388.11272942503587
1178,19466,328.4629107180884
1179,19467,271.3971684807696
1180,19468,228.4358168736655
1181,19469,204.48773694944742
1182,19470,219.8798446163663
1183,19471,255.00254285238987
1184,19472,293.65133874596677
1185,19473,379.461690809323
1186,19474,538.6027747950853
1187,19475,597.1117972010593
1188,19476,603.4380312337295
1189,19477,533.6938937424129
1190,19478,570.6487799769689
1191,19479,563.4410215299112
1192,19480,549.0600742206733
1193,19481,561.8508206255242
1194,19482,575.6786545767147
1195,19483,610.8532071900552
1196,19484,587.00883602047
1197,19485,547.9106355234795
1198,19486,549.898386653963
1199,19487,536.9002227398453
1200,19488,488.99087814270604
1201,19489,390.24030344812047
1202,19490,330.2634936503356
1203,19491,272.8849258301712
1204,19492,229.6880667306659
1205,19493,205.60870713204756
1206,19494,221.08519195526628
1207,19495,256.4004273969061
1208,19496,295.2610900187104
1209,19497,381.5418411752172
1210,19498,541.5553119976474
1211,19499,600.3850718253788
1212,19500,606.7459852956748
1213,19501,536.6195212174184
1214,19502,573.7769884291434
1215,19503,566.5297181638073
1216,19504,552.0699367231359
1217,19505,564.9308000237329
1218,19506,578.8344360243786
1219,19507,614.2018101010208
1220,19508,590.2267277724062
1221,19509,550.9141969805812
1222,19510,552.9128446556738
1223,19511,539.8434268150683
1224,19512,491.65683622204654
1225,19513,392.36787747120513
1226,19514,332.06407658258274
1227,19515,274.37268317957285
1228,19516,230.9403165876663
1229,19517,206.7296773146477
1230,19518,222.2905392941663
1231,19519,257.7983119414224
1232,19520,296.87084129145404
1233,19521,383.62199154111147
1234,19522,544.5078492002096
1235,19523,603.6583464496985
1236,19524,610.0539393576203
1237,19525,539.5451486924239
1238,19526,576.9051968813181
1239,19527,569.6184147977034
1240,19528,555.0797992255987
1241,19529,568.0107794219416
1242,19530,581.9902174720427
1243,19531,617.5504130119865
1244,19532,593.4446195243427
1245,19533,553.9177584376829
1246,19534,555.9273026573846
1247,19535,542.7866308902912
1248,19536,494.32279430138703
1249,19537,394.4954514942899
1250,19538,333.86465951482995
1251,19539,275.8604405289745
1252,19540,232.19256644466674
1253,19541,207.85064749724785
1254,19542,223.49588663306633
1255,19543,259.1961964859387
1256,19544,298.48059256419765
1257,19545,385.7021419070058
1258,19546,547.4603864027717
1259,19547,606.931621074018
1260,19548,613.3618934195655
1261,19549,542.4707761674296
1262,19550,580.0334053334929
1263,19551,572.7071114315994
1264,19552,558.0896617280614
1265,19553,571.0907588201504
1266,19554,585.1459989197066
1267,19555,620.8990159229523
1268,19556,596.662511276279
1269,19557,556.9213198947846
1270,19558,558.9417606590956
1271,19559,545.7298349655142
1272,19560,496.9887523807274
1273,19561,396.6230255173746
1274,19562,335.6652424470771
1275,19563,277.34819787837614
1276,19564,233.44481630166712
1277,19565,208.97161767984795
1278,19566,224.7012339719663
1279,19567,260.5940810304549
1280,19568,300.0903438369413
1281,19569,387.7822922729
1282,19570,550.4129236053338
1283,19571,610.2048956983375
1284,19572,616.6698474815108
1285,19573,545.3964036424351
1286,19574,583.1616137856674
1287,19575,575.7958080654955
1288,19576,561.099524230524
1289,19577,574.1707382183591
1290,19578,588.3017803673705
1291,19579,624.2476188339181
1292,19580,599.8804030282153
1293,19581,559.9248813518863
1294,19582,561.9562186608064
1295,19583,548.6730390407372
1296,19584,499.6547104600679
1297,19585,398.75059954045923
1298,19586,337.4658253793243
1299,19587,278.83595522777773
1300,19588,234.69706615866755
1301,19589,210.09258786244806
1302,19590,225.90658131086627
1303,19591,261.99196557497123
1304,19592,301.7000951096849
1305,19593,389.8624426387943
1306,19594,553.365460807896
1307,19595,613.4781703226572
1308,19596,619.9778015434563
1309,19597,548.3220311174406
1310,19598,586.2898222378421
1311,19599,578.8845046993916
1312,19600,564.1093867329866
1313,19601,577.2507176165678
1314,19602,591.4575618150345
1315,19603,627.5962217448837
1316,19604,603.0982947801517
1317,19605,562.9284428089879
1318,19606,564.9706766625173
1319,19607,551.6162431159602
1320,19608,502.32066853940836
1321,19609,400.8781735635439
1322,19610,339.2664083115715
1323,19611,280.3237125771794
1324,19612,235.949316015668
1325,19613,211.21355804504822
1326,19614,227.11192864976627
1327,19615,263.3898501194875
1328,19616,303.30984638242865
1329,19617,391.94259300468855
1330,19618,556.3179980104583
1331,19619,616.7514449469768
1332,19620,623.2857556054016
1333,19621,551.2476585924462
1334,19622,589.4180306900167
1335,19623,581.9732013332878
1336,19624,567.1192492354494
1337,19625,580.3306970147767
1338,19626,594.6133432626985
1339,19627,630.9448246558495
1340,19628,606.3161865320881
1341,19629,565.9320042660897
1342,19630,567.9851346642283
1343,19631,554.5594471911832
1344,19632,504.98662661874886
1345,19633,403.0057475866286
1346,19634,341.06699124381873
1347,19635,281.811469926581
1348,19636,237.20156587266837
1349,19637,212.33452822764838
1350,19638,228.31727598866627
1351,19639,264.7877346640038
1352,19640,304.91959765517225
1353,19641,394.0227433705828
1354,19642,559.2705352130204
1355,19643,620.0247195712964
1356,19644,626.593709667347
1357,19645,554.1732860674517
1358,19646,592.5462391421914
1359,19647,585.0618979671839
1360,19648,570.129111737912
1361,19649,583.4106764129855
1362,19650,597.7691247103626
1363,19651,634.2934275668152
1364,19652,609.5340782840244
1365,19653,568.9355657231914
1366,19654,570.9995926659391
1367,19655,557.5026512664061
1368,19656,507.65258469808936
1369,19657,405.1333216097134
1370,19658,342.8675741760659
1371,19659,283.2992272759827
1372,19660,238.45381572966883
1373,19661,213.4554984102485
1374,19662,229.52262332756624
1375,19663,266.18561920852005
1376,19664,306.5293489279159
1377,19665,396.1028937364771
1378,19666,562.2230724155826
1379,19667,623.297994195616
1380,19668,629.9016637292924
1381,19669,557.0989135424572
1382,19670,595.6744475943661
1383,19671,588.15059460108
1384,19672,573.1389742403746
1385,19673,586.4906558111943
1386,19674,600.9249061580265
1387,19675,637.642030477781
1388,19676,612.7519700359608
1389,19677,571.9391271802931
1390,19678,574.01405066765
1391,19679,560.4458553416291
1392,19680,510.3185427774298
1393,19681,407.260895632798
1394,19682,344.66815710831304
1395,19683,284.78698462538426
1396,19684,239.70606558666918
1397,19685,214.57646859284864
1398,19686,230.7279706664662
1399,19687,267.5835037530363
1400,19688,308.1391002006595
1401,19689,398.18304410237135
1402,19690,565.1756096181447
1403,19691,626.5712688199355
1404,19692,633.2096177912377
1405,19693,560.0245410174628
1406,19694,598.8026560465407
1407,19695,591.239291234976
1408,19696,576.1488367428373
1409,19697,589.5706352094029
1410,19698,604.0806876056905
1411,19699,640.9906333887467
1412,19700,615.9698617878971
1413,19701,574.9426886373948
1414,19702,577.0285086693609
1415,19703,563.389059416852
1416,19704,512.9845008567703
1417,19705,409.38846965588266
1418,19706,346.46874004056025
1419,19707,286.2747419747859
1420,19708,240.95831544366962
1421,19709,215.6974387754488
1422,19710,231.93331800536623
1423,19711,268.9813882975526
1424,19712,309.7488514734032
1425,19713,400.2631944682656
1426,19714,568.1281468207068
1427,19715,629.8445434442551
1428,19716,636.5175718531831
1429,19717,562.9501684924683
1430,19718,601.9308644987154
1431,19719,594.3279878688722
1432,19720,579.1586992453
1433,19721,592.6506146076117
1434,19722,607.2364690533545
1435,19723,644.3392362997124
1436,19724,619.1877535398336
1437,19725,577.9462500944965
1438,19726,580.0429666710718
1439,19727,566.3322634920751
1440,19728,515.6504589361108
1441,19729,411.5160436789674
1442,19730,348.26932297280746
1443,19731,287.7624993241875
1444,19732,242.21056530067005
1445,19733,216.8184089580489
1446,19734,233.1386653442662
1447,19735,270.3792728420689
1448,19736,311.35860274614686
1449,19737,402.3433448341599
1450,19738,571.080684023269
1451,19739,633.1178180685747
1452,19740,639.8255259151285
1453,19741,565.8757959674739
1454,19742,605.0590729508899
1455,19743,597.4166845027684
1456,19744,582.1685617477627
1457,19745,595.7305940058204
1458,19746,610.3922505010186
1459,19747,647.6878392106781
1460,19748,622.4056452917699
1461,19749,580.9498115515981
1462,19750,583.0574246727826
1463,19751,569.275467567298
1464,19752,518.3164170154512
1465,19753,413.6436177020521
1466,19754,350.0699059050546
1467,19755,289.25025667358915
1468,19756,243.46281515767043
1469,19757,217.939379140649
1470,19758,234.34401268316617
1471,19759,271.77715738658515
1472,19760,312.9683540188904
1473,19761,404.42349520005405
1474,19762,574.0332212258311
1475,19763,636.3910926928943
1476,19764,643.1334799770738
1477,19765,568.8014234424793
1478,19766,608.1872814030646
1479,19767,600.5053811366644
1480,19768,585.1784242502254
1481,19769,598.8105734040292
1482,19770,613.5480319486825
1483,19771,651.0364421216439
1484,19772,625.6235370437062
1485,19773,583.9533730086998
1486,19774,586.0718826744935
1487,19775,572.218671642521
1488,19776,520.9823750947917
1489,19777,415.77119172513676
1490,19778,351.87048883730176
1491,19779,290.7380140229908
1492,19780,244.71506501467087
1493,19781,219.06034932324917
1494,19782,235.5493600220662
1495,19783,273.1750419311014
1496,19784,314.57810529163413
1497,19785,406.5036455659483
1498,19786,576.9857584283932
1499,19787,639.6643673172139
1500,19788,646.4414340390191
1501,19789,571.7270509174849
1502,19790,611.3154898552392
1503,19791,603.5940777705605
1504,19792,588.1882867526881
1505,19793,601.890552802238
1506,19794,616.7038133963465
1507,19795,654.3850450326096
1508,19796,628.8414287956426
1509,19797,586.9569344658016
1510,19798,589.0863406762045
1511,19799,575.161875717744
1512,19800,523.6483331741321
1513,19801,417.8987657482214
1514,19802,353.67107176954903
1515,19803,292.22577137239244
1516,19804,245.96731487167128
1517,19805,220.1813195058493
1518,19806,236.7547073609662
1519,19807,274.5729264756177
1520,19808,316.18785656437774
1521,19809,408.5837959318427
1522,19810,579.9382956309554
1523,19811,642.9376419415335
1524,19812,649.7493881009646
1525,19813,574.6526783924905
1526,19814,614.4436983074139
1527,19815,606.6827744044566
1528,19816,591.1981492551506
1529,19817,604.9705322004468
1530,19818,619.8595948440104
1531,19819,657.7336479435753
1532,19820,632.059320547579
1533,19821,589.9604959229033
1534,19822,592.1007986779152
1535,19823,578.1050797929669
1536,19824,526.3142912534726
1537,19825,420.02633977130614
1538,19826,355.4716547017962
1539,19827,293.7135287217941
1540,19828,247.21956472867168
1541,19829,221.30228968844946
1542,19830,237.96005469986616
1543,19831,275.97081102013397
1544,19832,317.7976078371214
1545,19833,410.66394629773697
1546,19834,582.8908328335176
1547,19835,646.2109165658532
1548,19836,653.0573421629099
1549,19837,577.578305867496
1550,19838,617.5719067595886
1551,19839,609.7714710383527
1552,19840,594.2080117576133
1553,19841,608.0505115986555
1554,19842,623.0153762916744
1555,19843,661.0822508545411
1556,19844,635.2772122995153
1557,19845,592.964057380005
1558,19846,595.1152566796262
1559,19847,581.0482838681899
1560,19848,528.9802493328131
1561,19849,422.15391379439086
1562,19850,357.2722376340434
1563,19851,295.2012860711957
1564,19852,248.47181458567212
1565,19853,222.4232598710496
1566,19854,239.16540203876616
1567,19855,277.3686955646503
1568,19856,319.40735910986507
1569,19857,412.74409666363124
1570,19858,585.8433700360798
1571,19859,649.4841911901727
1572,19860,656.3652962248553
1573,19861,580.5039333425016
1574,19862,620.7001152117632
1575,19863,612.8601676722488
1576,19864,597.2178742600761
1577,19865,611.1304909968643
1578,19866,626.1711577393385
1579,19867,664.4308537655068
1580,19868,638.4951040514518
1581,19869,595.9676188371068
1582,19870,598.1297146813372
1583,19871,583.991487943413
1584,19872,531.6462074121534
1585,19873,424.2814878174755
1586,19874,359.07282056629055
1587,19875,296.68904342059733
1588,19876,249.7240644426725
1589,19877,223.5442300536497
1590,19878,240.37074937766613
1591,19879,278.7665801091665
1592,19880,321.0171103826087
1593,19881,414.8242470295254
1594,19882,588.7959072386419
1595,19883,652.7574658144922
1596,19884,659.6732502868006
1597,19885,583.4295608175071
1598,19886,623.8283236639379
1599,19887,615.948864306145
1600,19888,600.2277367625387
1601,19889,614.2104703950729
1602,19890,629.3269391870024
1603,19891,667.7794566764725
1604,19892,641.712995803388
1605,19893,598.9711802942084
1606,19894,601.1441726830479
1607,19895,586.9346920186358
1608,19896,534.3121654914939
1609,19897,426.4090618405602
1610,19898,360.87340349853775
1611,19899,298.176800769999
1612,19900,250.97631429967294
1613,19901,224.66520023624986
1614,19902,241.57609671656616
1615,19903,280.1644646536828
1616,19904,322.62686165535234
1617,19905,416.90439739541966
1618,19906,591.748444441204
1619,19907,656.0307404388119
1620,19908,662.981204348746
1621,19909,586.3551882925127
1622,19910,626.9565321161125
1623,19911,619.0375609400411
1624,19912,603.2375992650013
1625,19913,617.2904497932818
1626,19914,632.4827206346665
1627,19915,671.1280595874382
1628,19916,644.9308875553244
1629,19917,601.97474175131
1630,19918,604.1586306847589
1631,19919,589.8778960938589
1632,19920,536.9781235708344
1633,19921,428.5366358636449
1634,19922,362.67398643078496
1635,19923,299.6645581194006
1636,19924,252.22856415667337
1637,19925,225.78617041884996
1638,19926,242.78144405546612
1639,19927,281.5623491981991
1640,19928,324.23661292809595
1641,19929,418.98454776131393
1642,19930,594.7009816437662
1643,19931,659.3040150631315
1644,19932,666.2891584106915
1645,19933,589.2808157675182
1646,19934,630.0847405682872
1647,19935,622.1262575739372
1648,19936,606.2474617674641
1649,19937,620.3704291914905
1650,19938,635.6385020823304
1651,19939,674.4766624984039
1652,19940,648.1487793072608
1653,19941,604.9783032084117
1654,19942,607.1730886864698
1655,19943,592.8211001690819
1656,19944,539.6440816501749
1657,19945,430.6642098867296
1658,19946,364.4745693630321
1659,19947,301.15231546880216
1660,19948,253.48081401367375
1661,19949,226.9071406014501
1662,19950,243.9867913943661
1663,19951,282.96023374271533
1664,19952,325.8463642008396
1665,19953,421.0646981272082
1666,19954,597.6535188463283
1667,19955,662.577289687451
1668,19956,669.5971124726367
1669,19957,592.2064432425237
1670,19958,633.2129490204618
1671,19959,625.2149542078332
1672,19960,609.2573242699267
1673,19961,623.4504085896992
1674,19962,638.7942835299943
1675,19963,677.8252654093696
1676,19964,651.3666710591971
1677,19965,607.9818646655134
1678,19966,610.1875466881806
1679,19967,595.7643042443048
1680,19968,542.3100397295153
1681,19969,432.7917839098143
1682,19970,366.27515229527927
1683,19971,302.64007281820386
1684,19972,254.7330638706742
1685,19973,228.02811078405026
1686,19974,245.19213873326612
1687,19975,284.3581182872316
1688,19976,327.4561154735833
1689,19977,423.1448484931025
1690,19978,600.6060560488904
1691,19979,665.8505643117707
1692,19980,672.905066534582
1693,19981,595.1320707175294
1694,19982,636.3411574726365
1695,19983,628.3036508417293
1696,19984,612.2671867723893
1697,19985,626.530387987908
1698,19986,641.9500649776584
1699,19987,681.1738683203355
1700,19988,654.5845628111334
1701,19989,610.9854261226151
1702,19990,613.2020046898915
1703,19991,598.7075083195277
1704,19992,544.9759978088558
1705,19993,434.91935793289895
1706,19994,368.0757352275265
1707,19995,304.12783016760545
1708,19996,255.98531372767457
1709,19997,229.1490809666504
1710,19998,246.39748607216612
1711,19999,285.75600283174794
1712,20000,329.06586674632695
1713,20001,425.22499885899674
1714,20002,603.5585932514526
1715,20003,669.1238389360904
1716,20004,676.2130205965275
1717,20005,598.0576981925349
1718,20006,639.4693659248111
1719,20007,631.3923474756255
1720,20008,615.2770492748521
1721,20009,629.6103673861168
1722,20010,645.1058464253224
1723,20011,684.5224712313012
1724,20012,657.8024545630699
1725,20013,613.9889875797169
1726,20014,616.2164626916024
1727,20015,601.6507123947507
1728,20016,547.6419558881964
1729,20017,437.04693195598367
1730,20018,369.87631815977375
1731,20019,305.61558751700716
1732,20020,257.23756358467506
1733,20021,230.27005114925058
1734,20022,247.60283341106611
1735,20023,287.1538873762642
1736,20024,330.6756180190706
1737,20025,427.3051492248911
1738,20026,606.5111304540148
1739,20027,672.3971135604099
1740,20028,679.5209746584729
1741,20029,600.9833256675404
1742,20030,642.5975743769858
1743,20031,634.4810441095217
1744,20032,618.2869117773148
1745,20033,632.6903467843256
1746,20034,648.2616278729864
1747,20035,687.8710741422669
1748,20036,661.0203463150062
1749,20037,616.9925490368187
1750,20038,619.2309206933135
1751,20039,604.5939164699738
1752,20040,550.3079139675368
1753,20041,439.1745059790684
1754,20042,371.6769010920209
1755,20043,307.10334486640875
1756,20044,258.48981344167544
1757,20045,231.3910213318507
1758,20046,248.80818074996608
1759,20047,288.5517719207805
1760,20048,332.2853692918142
1761,20049,429.3852995907853
1762,20050,609.463667656577
1763,20051,675.6703881847295
1764,20052,682.8289287204182
1765,20053,603.908953142546
1766,20054,645.7257828291604
1767,20055,637.5697407434178
1768,20056,621.2967742797774
1769,20057,635.7703261825344
1770,20058,651.4174093206503
1771,20059,691.2196770532327
1772,20060,664.2382380669426
1773,20061,619.9961104939202
1774,20062,622.2453786950242
1775,20063,607.5371205451968
1776,20064,552.9738720468772
1777,20065,441.30208000215305
1778,20066,373.47748402426805
1779,20067,308.59110221581034
1780,20068,259.7420632986758
1781,20069,232.5119915144508
1782,20070,250.01352808886605
1783,20071,289.9496564652967
1784,20072,333.8951205645578
1785,20073,431.46544995667955
1786,20074,612.416204859139
1787,20075,678.9436628090491
1788,20076,686.1368827823635
1789,20077,606.8345806175515
1790,20078,648.853991281335
1791,20079,640.6584373773138
1792,20080,624.30663678224
1793,20081,638.850305580743
1794,20082,654.5731907683144
1795,20083,694.5682799641984
1796,20084,667.4561298188789
1797,20085,622.9996719510219
1798,20086,625.2598366967351
1799,20087,610.4803246204197
1800,20088,555.6398301262177
1801,20089,443.4296540252377
1802,20090,375.27806695651526
1803,20091,310.07885956521204
1804,20092,260.9943131556763
1805,20093,233.63296169705097
1806,20094,251.21887542776608
1807,20095,291.347541009813
1808,20096,335.5048718373015
1809,20097,433.5456003225738
1810,20098,615.3687420617013
1811,20099,682.2169374333687
1812,20100,689.4448368443091
1813,20101,609.760208092557
1814,20102,651.9821997335098
1815,20103,643.7471340112099
1816,20104,627.3164992847028
1817,20105,641.9302849789519
1818,20106,657.7289722159784
1819,20107,697.9168828751642
1820,20108,670.6740215708153
1821,20109,626.0032334081236
1822,20110,628.274294698446
1823,20111,613.4235286956427
1824,20112,558.3057882055582
1825,20113,445.55722804832243
1826,20114,377.07864988876247
1827,20115,311.56661691461363
1828,20116,262.2465630126767
1829,20117,234.75393187965108
1830,20118,252.42422276666605
1831,20119,292.7454255543293
1832,20120,337.11462311004516
1833,20121,435.6257506884681
1834,20122,618.3212792642634
1835,20123,685.4902120576883
1836,20124,692.7527909062543
1837,20125,612.6858355675625
1838,20126,655.1104081856844
1839,20127,646.8358306451061
1840,20128,630.3263617871654
1841,20129,645.0102643771606
1842,20130,660.8847536636424
1843,20131,701.2654857861298
1844,20132,673.8919133227516
1845,20133,629.0067948652254
1846,20134,631.2887527001568
1847,20135,616.3667327708656
1848,20136,560.9717462848987
1849,20137,447.68480207140703
1850,20138,378.8792328210096
1851,20139,313.0543742640153
1852,20140,263.49881286967707
1853,20141,235.8749020622512
1854,20142,253.62957010556602
1855,20143,294.1433100988455
1856,20144,338.72437438278877
1857,20145,437.70590105436224
1858,20146,621.2738164668255
1859,20147,688.7634866820079
1860,20148,696.0607449681996
1861,20149,615.6114630425682
1862,20150,658.238616637859
1863,20151,649.9245272790022
1864,20152,633.336224289628
1865,20153,648.0902437753692
1866,20154,664.0405351113063
1867,20155,704.6140886970956
1868,20156,677.109805074688
1869,20157,632.010356322327
1870,20158,634.3032107018677
1871,20159,619.3099368460886
1872,20160,563.6377043642392
1873,20161,449.8123760944918
1874,20162,380.67981575325683
1875,20163,314.5421316134169
1876,20164,264.7510627266775
1877,20165,236.99587224485137
1878,20166,254.83491744446604
1879,20167,295.54119464336185
1880,20168,340.33412565553243
1881,20169,439.7860514202566
1882,20170,624.2263536693878
1883,20171,692.0367613063274
1884,20172,699.3686990301451
1885,20173,618.5370905175737
1886,20174,661.3668250900337
1887,20175,653.0132239128984
1888,20176,636.3460867920908
1889,20177,651.170223173578
1890,20178,667.1963165589704
1891,20179,707.9626916080613
1892,20180,680.3276968266243
1893,20181,635.0139177794288
1894,20182,637.3176687035786
1895,20183,622.2531409213116
1896,20184,566.3036624435796
1897,20185,451.9399501175765
1898,20186,382.480398685504
1899,20187,316.0298889628185
1900,20188,266.00331258367794
1901,20189,238.1168424274515
1902,20190,256.040264783366
1903,20191,296.9390791878781
1904,20192,341.94387692827604
1905,20193,441.8662017861508
1906,20194,627.1788908719499
1907,20195,695.310035930647
1908,20196,702.6766530920903
1909,20197,621.4627179925792
1910,20198,664.4950335422083
1911,20199,656.1019205467943
1912,20200,639.3559492945534
1913,20201,654.2502025717869
1914,20202,670.3520980066343
1915,20203,711.311294519027
1916,20204,683.5455885785607
1917,20205,638.0174792365304
1918,20206,640.3321267052895
1919,20207,625.1963449965345
1920,20208,568.96962052292
1921,20209,454.06752414066113
1922,20210,384.28098161775114
1923,20211,317.5176463122201
1924,20212,267.2555624406783
1925,20213,239.2378126100516
1926,20214,257.245612122266
1927,20215,298.33696373239434
1928,20216,343.55362820101965
1929,20217,443.94635215204505
1930,20218,630.131428074512
1931,20219,698.5833105549666
1932,20220,705.9846071540356
1933,20221,624.3883454675847
1934,20222,667.6232419943829
1935,20223,659.1906171806904
1936,20224,642.365811797016
1937,20225,657.3301819699956
1938,20226,673.5078794542982
1939,20227,714.6598974299927
1940,20228,686.763480330497
1941,20229,641.021040693632
1942,20230,643.3465847070004
1943,20231,628.1395490717575
1944,20232,571.6355786022606
1945,20233,456.1950981637459
1946,20234,386.0815645499984
1947,20235,319.0054036616218
1948,20236,268.50781229767875
1949,20237,240.35878279265177
1950,20238,258.450959461166
1951,20239,299.73484827691067
1952,20240,345.16337947376337
1953,20241,446.0265025179393
1954,20242,633.0839652770742
1955,20243,701.8565851792862
1956,20244,709.2925612159811
1957,20245,627.3139729425903
1958,20246,670.7514504465576
1959,20247,662.2793138145867
1960,20248,645.3756742994788
1961,20249,660.4101613682044
1962,20250,676.6636609019623
1963,20251,718.0085003409586
1964,20252,689.9813720824334
1965,20253,644.0246021507338
1966,20254,646.3610427087114
1967,20255,631.0827531469805
1968,20256,574.301536681601
1969,20257,458.32267218683046
1970,20258,387.8821474822455
1971,20259,320.4931610110234
1972,20260,269.76006215467913
1973,20261,241.47975297525187
1974,20262,259.656306800066
1975,20263,301.13273282142694
1976,20264,346.773130746507
1977,20265,448.1066528838336
1978,20266,636.0365024796363
1979,20267,705.1298598036058
1980,20268,712.6005152779264
1981,20269,630.2396004175957
1982,20270,673.8796588987321
1983,20271,665.3680104484827
1984,20272,648.3855368019414
1985,20273,663.4901407664131
1986,20274,679.8194423496262
1987,20275,721.3571032519242
1988,20276,693.1992638343698
1989,20277,647.0281636078355
1990,20278,649.3755007104221
1991,20279,634.0259572222035
1992,20280,576.9674947609413
1993,20281,460.4502462099152
1994,20282,389.68273041449265
1995,20283,321.980918360425
1996,20284,271.01231201167957
1997,20285,242.600723157852
1998,20286,260.86165413896595
1999,20287,302.53061736594316
2000,20288,348.3828820192506
2001,20289,450.1868032497278
2002,20290,638.9890396821984
2003,20291,708.4031344279254
2004,20292,715.9084693398718
2005,20293,633.1652278926013
2006,20294,677.0078673509068
2007,20295,668.4567070823788
2008,20296,651.395399304404
2009,20297,666.5701201646218
2010,20298,682.9752237972903
2011,20299,724.7057061628899
2012,20300,696.4171555863061
2013,20301,650.0317250649372
2014,20302,652.389958712133
2015,20303,636.9691612974264
2016,20304,579.6334528402818
2017,20305,462.57782023299995
2018,20306,391.4833133467399
2019,20307,323.4686757098267
2020,20308,272.26456186868
2021,20309,243.72169334045216
2022,20310,262.067001477866
2023,20311,303.9285019104595
2024,20312,349.9926332919943
2025,20313,452.2669536156221
2026,20314,641.9415768847606
2027,20315,711.676409052245
2028,20316,719.2164234018172
2029,20317,636.090855367607
2030,20318,680.1360758030814
2031,20319,671.5454037162749
2032,20320,654.4052618068667
2033,20321,669.6500995628306
2034,20322,686.1310052449542
2035,20323,728.0543090738556
2036,20324,699.6350473382425
2037,20325,653.035286522039
2038,20326,655.404416713844
2039,20327,639.9123653726494
2040,20328,582.2994109196222
2041,20329,464.70539425608456
2042,20330,393.28389627898713
2043,20331,324.9564330592283
2044,20332,273.5168117256804
2045,20333,244.8426635230523
2046,20334,263.27234881676594
2047,20335,305.3263864549757
2048,20336,351.6023845647379
2049,20337,454.3471039815164
2050,20338,644.8941140873227
2051,20339,714.9496836765645
2052,20340,722.5243774637626
2053,20341,639.0164828426124
2054,20342,683.2642842552561
2055,20343,674.6341003501709
2056,20344,657.4151243093295
2057,20345,672.7300789610393
2058,20346,689.2867866926182
2059,20347,731.4029119848213
2060,20348,702.8529390901789
2061,20349,656.0388479791407
2062,20350,658.4188747155548
2063,20351,642.8555694478724
2064,20352,584.9653689989627
2065,20353,466.8329682791692
2066,20354,395.0844792112342
2067,20355,326.44419040862994
2068,20356,274.76906158268076
2069,20357,245.9636337056524
2070,20358,264.4776961556659
2071,20359,306.724270999492
2072,20360,353.2121358374815
2073,20361,456.4272543474106
2074,20362,647.8466512898848
2075,20363,718.2229583008841
2076,20364,725.8323315257078
2077,20365,641.9421103176179
2078,20366,686.3924927074306
2079,20367,677.722796984067
2080,20368,660.424986811792
2081,20369,675.810058359248
2082,20370,692.4425681402821
2083,20371,734.7515148957871
2084,20372,706.0708308421151
2085,20373,659.0424094362422
2086,20374,661.4333327172656
2087,20375,645.7987735230953
2088,20376,587.6313270783032
2089,20377,468.96054230225394
2090,20378,396.8850621434815
2091,20379,327.9319477580316
2092,20380,276.0213114396812
2093,20381,247.08460388825256
2094,20382,265.68304349456594
2095,20383,308.1221555440083
2096,20384,354.8218871102252
2097,20385,458.50740471330494
2098,20386,650.799188492447
2099,20387,721.4962329252038
2100,20388,729.1402855876534
2101,20389,644.8677377926235
2102,20390,689.5207011596054
2103,20391,680.8114936179633
2104,20392,663.4348493142547
2105,20393,678.8900377574569
2106,20394,695.5983495879462
2107,20395,738.1001178067529
2108,20396,709.2887225940516
2109,20397,662.045970893344
2110,20398,664.4477907189766
2111,20399,648.7419775983183
2112,20400,590.2972851576437
2113,20401,471.0881163253387
2114,20402,398.68564507572876
2115,20403,329.41970510743323
2116,20404,277.2735612966817
2117,20405,248.20557407085272
2118,20406,266.88839083346596
2119,20407,309.52004008852464
2120,20408,356.4316383829689
2121,20409,460.5875550791992
2122,20410,653.7517256950092
2123,20411,724.7695075495234
2124,20412,732.4482396495987
2125,20413,647.7933652676293
2126,20414,692.6489096117803
2127,20415,683.9001902518594
2128,20416,666.4447118167175
2129,20417,681.9700171556658
2130,20418,698.7541310356103
2131,20419,741.4487207177187
2132,20420,712.506614345988
2133,20421,665.0495323504458
2134,20422,667.4622487206875
2135,20423,651.6851816735414
2136,20424,592.9632432369842
2137,20425,473.21569034842344
2138,20426,400.48622800797585
2139,20427,330.9074624568349
2140,20428,278.52581115368207
2141,20429,249.32654425345282
2142,20430,268.0937381723659
2143,20431,310.9179246330409
2144,20432,358.0413896557125
2145,20433,462.6677054450935
2146,20434,656.7042628975713
2147,20435,728.042782173843
2148,20436,735.756193711544
2149,20437,650.7189927426347
2150,20438,695.7771180639547
2151,20439,686.9888868857555
2152,20440,669.4545743191801
2153,20441,685.0499965538744
2154,20442,701.9099124832742
2155,20443,744.7973236286844
2156,20444,715.7245060979244
2157,20445,668.0530938075474
2158,20446,670.4767067223984
2159,20447,654.6283857487643
2160,20448,595.6292013163247
2161,20449,475.343264371508
2162,20450,402.28681094022306
2163,20451,332.39521980623647
2164,20452,279.77806101068245
2165,20453,250.44751443605296
2166,20454,269.29908551126584
2167,20455,312.3158091775571
2168,20456,359.65114092845613
2169,20457,464.7478558109877
2170,20458,659.6568001001334
2171,20459,731.3160567981625
2172,20460,739.0641477734894
2173,20461,653.6446202176402
2174,20462,698.9053265161294
2175,20463,690.0775835196515
2176,20464,672.4644368216427
2177,20465,688.1299759520832
2178,20466,705.0656939309381
2179,20467,748.14592653965
2180,20468,718.9423978498606
2181,20469,671.0566552646491
2182,20470,673.4911647241092
2183,20471,657.5715898239873
2184,20472,598.2951593956652
2185,20473,477.47083839459276
2186,20474,404.08739387247033
2187,20475,333.8829771556382
2188,20476,281.0303108676829
2189,20477,251.56848461865312
2190,20478,270.5044328501659
2191,20479,313.71369372207346
2192,20480,361.26089220119985
2193,20481,466.828006176882
2194,20482,662.6093373026957
2195,20483,734.5893314224821
2196,20484,742.3721018354348
2197,20485,656.5702476926458
2198,20486,702.033534968304
2199,20487,693.1662801535477
2200,20488,675.4742993241055
2201,20489,691.2099553502919
2202,20490,708.2214753786022
2203,20491,751.4945294506159
2204,20492,722.1602896017971
2205,20493,674.0602167217509
2206,20494,676.5056227258202
2207,20495,660.5147938992104
2208,20496,600.9611174750056
2209,20497,479.5984124176774
2210,20498,405.88797680471737
2211,20499,335.37073450503976
2212,20500,282.2825607246833
2213,20501,252.68945480125325
2214,20502,271.7097801890659
2215,20503,315.11157826658973
2216,20504,362.87064347394346
2217,20505,468.9081565427762
2218,20506,665.5618745052578
2219,20507,737.8626060468017
2220,20508,745.6800558973802
2221,20509,659.4958751676513
2222,20510,705.1617434204786
2223,20511,696.2549767874439
2224,20512,678.4841618265682
2225,20513,694.2899347485007
2226,20514,711.3772568262661
2227,20515,754.8431323615815
2228,20516,725.3781813537335
2229,20517,677.0637781788525
2230,20518,679.5200807275311
2231,20519,663.4579979744333
2232,20520,603.627075554346
2233,20521,481.7259864407621
2234,20522,407.6885597369646
2235,20523,336.85849185444135
2236,20524,283.5348105816837
2237,20525,253.81042498385335
2238,20526,272.91512752796586
2239,20527,316.50946281110595
2240,20528,364.48039474668707
2241,20529,470.9883069086705
2242,20530,668.5144117078199
2243,20531,741.1358806711213
2244,20532,748.9880099593254
2245,20533,662.4215026426568
2246,20534,708.2899518726533
2247,20535,699.3436734213399
2248,20536,681.4940243290307
2249,20537,697.3699141467093
2250,20538,714.5330382739301
2251,20539,758.1917352725472
2252,20540,728.5960731056697
2253,20541,680.0673396359542
2254,20542,682.5345387292418
2255,20543,666.4012020496561
2256,20544,606.2930336336866
2257,20545,483.85356046384686
2258,20546,409.48914266921184
2259,20547,338.34624920384306
2260,20548,284.78706043868414
2261,20549,254.9313951664535
2262,20550,274.1204748668659
2263,20551,317.9073473556223
2264,20552,366.09014601943073
2265,20553,473.0684572745648
2266,20554,671.4669489103821
2267,20555,744.4091552954409
2268,20556,752.295964021271
2269,20557,665.3471301176623
2270,20558,711.418160324828
2271,20559,702.4323700552361
2272,20560,684.5038868314934
2273,20561,700.4498935449183
2274,20562,717.6888197215942
2275,20563,761.5403381835131
2276,20564,731.8139648576062
2277,20565,683.0709010930559
2278,20566,685.5489967309528
2279,20567,669.3444061248792
2280,20568,608.958991713027
2281,20569,485.98113448693147
2282,20570,411.28972560145894
2283,20571,339.83400655324465
2284,20572,286.0393102956845
2285,20573,256.0523653490536
2286,20574,275.32582220576586
2287,20575,319.30523190013855
2288,20576,367.6998972921744
2289,20577,475.14860764045903
2290,20578,674.4194861129442
2291,20579,747.6824299197605
2292,20580,755.6039180832163
2293,20581,668.272757592668
2294,20582,714.5463687770026
2295,20583,705.5210666891321
2296,20584,687.5137493339561
2297,20585,703.529872943127
2298,20586,720.8446011692581
2299,20587,764.8889410944787
2300,20588,735.0318566095425
2301,20589,686.0744625501576
2302,20590,688.5634547326637
2303,20591,672.2876102001021
2304,20592,611.6249497923675
2305,20593,488.1087085100162
2306,20594,413.0903085337061
2307,20595,341.32176390264624
2308,20596,287.29156015268495
2309,20597,257.1733355316537
2310,20598,276.53116954466583
2311,20599,320.70311644465477
2312,20600,369.309648564918
2313,20601,477.2287580063533
2314,20602,677.3720233155063
2315,20603,750.95570454408
2316,20604,758.9118721451615
2317,20605,671.1983850676734
2318,20606,717.6745772291772
2319,20607,708.6097633230281
2320,20608,690.5236118364187
2321,20609,706.6098523413357
2322,20610,724.000382616922
2323,20611,768.2375440054443
2324,20612,738.2497483614787
2325,20613,689.0780240072593
2326,20614,691.5779127343744
2327,20615,675.2308142753252
2328,20616,614.290907871708
2329,20617,490.23628253310085
2330,20618,414.89089146595336
2331,20619,342.8095212520479
2332,20620,288.5438100096854
2333,20621,258.29430571425394
2334,20622,277.73651688356586
2335,20623,322.1010009891711
2336,20624,370.9193998376617
2337,20625,479.3089083722476
2338,20626,680.3245605180686
2339,20627,754.2289791683997
2340,20628,762.219826207107
2341,20629,674.124012542679
2342,20630,720.8027856813519
2343,20631,711.6984599569244
2344,20632,693.5334743388815
2345,20633,709.6898317395445
2346,20634,727.1561640645862
2347,20635,771.5861469164101
2348,20636,741.4676401134152
2349,20637,692.0815854643611
2350,20638,694.5923707360855
2351,20639,678.1740183505482
2352,20640,616.9568659510484
2353,20641,492.3638565561855
2354,20642,416.6914743982005
2355,20643,344.29727860144953
2356,20644,289.79605986668577
2357,20645,259.41527589685404
2358,20646,278.9418642224658
2359,20647,323.49888553368737
2360,20648,372.5291511104053
2361,20649,481.38905873814184
2362,20650,683.2770977206306
2363,20651,757.5022537927192
2364,20652,765.5277802690523
2365,20653,677.0496400176845
2366,20654,723.9309941335265
2367,20655,714.7871565908204
2368,20656,696.5433368413442
2369,20657,712.7698111377532
2370,20658,730.3119455122501
2371,20659,774.934749827376
2372,20660,744.6855318653515
2373,20661,695.0851469214626
2374,20662,697.6068287377964
2375,20663,681.117222425771
2376,20664,619.6228240303889
2377,20665,494.4914305792702
2378,20666,418.49205733044766
2379,20667,345.7850359508511
2380,20668,291.04830972368615
2381,20669,260.53624607945414
2382,20670,280.1472115613658
2383,20671,324.89677007820353
2384,20672,374.13890238314895
2385,20673,483.46920910403605
2386,20674,686.2296349231927
2387,20675,760.7755284170388
2388,20676,768.8357343309976
2389,20677,679.97526749269
2390,20678,727.0592025857011
2391,20679,717.8758532247165
2392,20680,699.5531993438068
2393,20681,715.8497905359619
2394,20682,733.467726959914
2395,20683,778.2833527383416
2396,20684,747.9034236172878
2397,20685,698.0887083785643
2398,20686,700.6212867395071
2399,20687,684.060426500994
2400,20688,622.2887821097294
2401,20689,496.61900460235495
2402,20690,420.29264026269493
2403,20691,347.27279330025283
2404,20692,292.3005595806866
2405,20693,261.6572162620543
2406,20694,281.3525589002658
2407,20695,326.2946546227199
2408,20696,375.7486536558926
2409,20697,485.5493594699304
2410,20698,689.182172125755
2411,20699,764.0488030413585
2412,20700,772.143688392943
2413,20701,682.9008949676956
2414,20702,730.1874110378759
2415,20703,720.9645498586127
2416,20704,702.5630618462694
2417,20705,718.9297699341707
2418,20706,736.623508407578
2419,20707,781.6319556493073
2420,20708,751.1213153692242
2421,20709,701.0922698356661
2422,20710,703.6357447412181
2423,20711,687.0036305762171
2424,20712,624.9547401890698
2425,20713,498.7465786254396
2426,20714,422.0932231949421
2427,20715,348.7605506496544
2428,20716,293.552809437687
2429,20717,262.7781864446544
2430,20718,282.5579062391658
2431,20719,327.6925391672362
2432,20720,377.3584049286362
2433,20721,487.6295098358246
2434,20722,692.1347093283171
2435,20723,767.322077665678
2436,20724,775.4516424548884
2437,20725,685.8265224427012
2438,20726,733.3156194900505
2439,20727,724.0532464925087
2440,20728,705.5729243487322
2441,20729,722.0097493323794
2442,20730,739.779289855242
2443,20731,784.980558560273
2444,20732,754.3392071211606
2445,20733,704.0958312927677
2446,20734,706.650202742929
2447,20735,689.94683465144
2448,20736,627.6206982684101
2449,20737,500.8741526485242
2450,20738,423.89380612718924
2451,20739,350.248307999056
2452,20740,294.8050592946874
2453,20741,263.89915662725457
2454,20742,283.76325357806576
2455,20743,329.09042371175235
2456,20744,378.9681562013798
2457,20745,489.70966020171886
2458,20746,695.0872465308792
2459,20747,770.5953522899977
2460,20748,778.7595965168337
2461,20749,688.7521499177066
2462,20750,736.4438279422251
2463,20751,727.1419431264048
2464,20752,708.5827868511947
2465,20753,725.0897287305881
2466,20754,742.935071302906
2467,20755,788.3291614712386
2468,20756,757.557098873097
2469,20757,707.0993927498694
2470,20758,709.6646607446398
2471,20759,692.890038726663
2472,20760,630.2866563477507
2473,20761,503.001726671609
2474,20762,425.6943890594365
2475,20763,351.7360653484577
2476,20764,296.05730915168783
2477,20765,265.0201268098547
2478,20766,284.9686009169658
2479,20767,330.48830825626874
2480,20768,380.57790747412355
2481,20769,491.78981056761313
2482,20770,698.0397837334414
2483,20771,773.8686269143172
2484,20772,782.067550578779
2485,20773,691.6777773927122
2486,20774,739.5720363943998
2487,20775,730.230639760301
2488,20776,711.5926493536574
2489,20777,728.1697081287971
2490,20778,746.0908527505701
2491,20779,791.6777643822045
2492,20780,760.7749906250333
2493,20781,710.1029542069712
2494,20782,712.6791187463507
2495,20783,695.8332428018861
2496,20784,632.9526144270912
2497,20785,505.1293006946937
2498,20786,427.49497199168377
2499,20787,353.22382269785936
2500,20788,297.30955900868827
2501,20789,266.1410969924549
2502,20790,286.17394825586575
2503,20791,331.886192800785
2504,20792,382.1876587468672
2505,20793,493.86996093350746
2506,20794,700.9923209360037
2507,20795,777.1419015386368
2508,20796,785.3755046407246
2509,20797,694.6034048677179
2510,20798,742.7002448465745
2511,20799,733.3193363941972
2512,20800,714.6025118561203
2513,20801,731.2496875270059
2514,20802,749.246634198234
2515,20803,795.0263672931704
2516,20804,763.9928823769698
2517,20805,713.106515664073
2518,20806,715.6935767480618
2519,20807,698.776446877109
2520,20808,635.6185725064316
2521,20809,507.2568747177784
2522,20810,429.2955549239308
2523,20811,354.711580047261
2524,20812,298.5618088656887
2525,20813,267.262067175055
2526,20814,287.3792955947657
2527,20815,333.2840773453013
2528,20816,383.7974100196108
2529,20817,495.9501112994017
2530,20818,703.9448581385658
2531,20819,780.4151761629565
2532,20820,788.6834587026699
2533,20821,697.5290323427234
2534,20822,745.8284532987491
2535,20823,736.4080330280933
2536,20824,717.6123743585829
2537,20825,734.3296669252145
2538,20826,752.402415645898
2539,20827,798.374970204136
2540,20828,767.2107741289061
2541,20829,716.1100771211745
2542,20830,718.7080347497727
2543,20831,701.7196509523319
2544,20832,638.284530585772
2545,20833,509.38444874086304
2546,20834,431.096137856178
2547,20835,356.19933739666254
2548,20836,299.8140587226891
2549,20837,268.3830373576551
2550,20838,288.5846429336657
2551,20839,334.68196188981756
2552,20840,385.40716129235443
2553,20841,498.03026166529594
2554,20842,706.8973953411279
2555,20843,783.688450787276
2556,20844,791.9914127646152
2557,20845,700.4546598177288
2558,20846,748.9566617509237
2559,20847,739.4967296619893
2560,20848,720.6222368610455
2561,20849,737.4096463234232
2562,20850,755.558197093562
2563,20851,801.7235731151017
2564,20852,770.4286658808425
2565,20853,719.1136385782763
2566,20854,721.7224927514834
2567,20855,704.6628550275549
2568,20856,640.9504886651126
2569,20857,511.51202276394775
2570,20858,432.8967207884253
2571,20859,357.68709474606425
2572,20860,301.0663085796896
2573,20861,269.5040075402553
2574,20862,289.7899902725657
2575,20863,336.07984643433383
2576,20864,387.01691256509815
2577,20865,500.11041203119026
2578,20866,709.8499325436901
2579,20867,786.9617254115956
2580,20868,795.2993668265606
2581,20869,703.3802872927345
2582,20870,752.0848702030985
2583,20871,742.5854262958854
2584,20872,723.6320993635081
2585,20873,740.4896257216321
2586,20874,758.7139785412261
2587,20875,805.0721760260676
2588,20876,773.6465576327789
2589,20877,722.1172000353781
2590,20878,724.7369507531944
2591,20879,707.606059102778
2592,20880,643.616446744453
2593,20881,513.6395967870325
2594,20882,434.6973037206724
2595,20883,359.17485209546584
2596,20884,302.3185584366899
2597,20885,270.6249777228554
2598,20886,290.9953376114657
2599,20887,337.4777309788501
2600,20888,388.62666383784176
2601,20889,502.1905623970845
2602,20890,712.8024697462522
2603,20891,790.2350000359153
2604,20892,798.607320888506
2605,20893,706.30591476774
2606,20894,755.213078655273
2607,20895,745.6741229297816
2608,20896,726.6419618659709
2609,20897,743.5696051198407
2610,20898,761.86975998889
2611,20899,808.4207789370332
2612,20900,776.8644493847153
2613,20901,725.1207614924797
2614,20902,727.7514087549052
2615,20903,710.549263178001
2616,20904,646.2824048237935
2617,20905,515.767170810117
2618,20906,436.49788665291953
2619,20907,360.6626094448675
2620,20908,303.57080829369033
2621,20909,271.7459479054555
2622,20910,292.20068495036566
2623,20911,338.8756155233664
2624,20912,390.2364151105853
2625,20913,504.27071276297875
2626,20914,715.7550069488143
2627,20915,793.5082746602347
2628,20916,801.9152749504512
2629,20917,709.2315422427455
2630,20918,758.3412871074477
2631,20919,748.7628195636776
2632,20920,729.6518243684334
2633,20921,746.6495845180496
2634,20922,765.0255414365538
2635,20923,811.7693818479988
2636,20924,780.0823411366515
2637,20925,728.1243229495813
2638,20926,730.765866756616
2639,20927,713.4924672532238
2640,20928,648.948362903134
2641,20929,517.8947448332018
2642,20930,438.2984695851668
2643,20931,362.15036679426913
2644,20932,304.82305815069077
2645,20933,272.8669180880557
2646,20934,293.40603228926574
2647,20935,340.27350006788265
2648,20936,391.8461663833291
2649,20937,506.350863128873
2650,20938,718.7075441513765
2651,20939,796.7815492845543
2652,20940,805.2232290123966
2653,20941,712.1571697177511
2654,20942,761.4694955596224
2655,20943,751.8515161975738
2656,20944,732.6616868708962
2657,20945,749.7295639162584
2658,20946,768.181322884218
2659,20947,815.1179847589648
2660,20948,783.300232888588
2661,20949,731.127884406683
2662,20950,733.780324758327
2663,20951,716.4356713284468
2664,20952,651.6143209824745
2665,20953,520.0223188562866
2666,20954,440.09905251741395
2667,20955,363.6381241436707
2668,20956,306.0753080076912
2669,20957,273.98788827065584
2670,20958,294.6113796281657
2671,20959,341.6713846123989
2672,20960,393.4559176560727
2673,20961,508.4310134947673
2674,20962,721.6600813539386
2675,20963,800.054823908874
2676,20964,808.531183074342
2677,20965,715.0827971927566
2678,20966,764.597704011797
2679,20967,754.9402128314698
2680,20968,735.6715493733589
2681,20969,752.8095433144671
2682,20970,771.3371043318818
2683,20971,818.4665876699304
2684,20972,786.5181246405243
2685,20973,734.1314458637847
2686,20974,736.7947827600378
2687,20975,719.3788754036698
2688,20976,654.2802790618149
2689,20977,522.1498928793711
2690,20978,441.8996354496611
2691,20979,365.12588149307237
2692,20980,307.3275578646915
2693,20981,275.10885845325595
2694,20982,295.8167269670657
2695,20983,343.0692691569152
2696,20984,395.0656689288163
2697,20985,510.51116386066144
2698,20986,724.6126185565007
2699,20987,803.3280985331935
2700,20988,811.8391371362873
2701,20989,718.0084246677621
2702,20990,767.7259124639716
2703,20991,758.0289094653658
2704,20992,738.6814118758215
2705,20993,755.8895227126757
2706,20994,774.4928857795458
2707,20995,821.815190580896
2708,20996,789.7360163924606
2709,20997,737.1350073208864
2710,20998,739.8092407617487
2711,20999,722.3220794788928
2712,21000,656.9462371411554
2713,21001,524.2774669024559
2714,21002,443.70021838190837
2715,21003,366.613638842474
2716,21004,308.57980772169196
2717,21005,276.2298286358561
2718,21006,297.0220743059657
2719,21007,344.46715370143147
2720,21008,396.67542020156
2721,21009,512.5913142265558
2722,21010,727.5651557590629
2723,21011,806.6013731575131
2724,21012,815.1470911982328
2725,21013,720.9340521427678
2726,21014,770.8541209161463
2727,21015,761.117606099262
2728,21016,741.6912743782842
2729,21017,758.9695021108846
2730,21018,777.6486672272099
2731,21019,825.163793491862
2732,21020,792.953908144397
2733,21021,740.1385687779882
2734,21022,742.8236987634596
2735,21023,725.2652835541157
2736,21024,659.6121952204958
2737,21025,526.4050409255406
2738,21026,445.5008013141555
2739,21027,368.10139619187566
2740,21028,309.8320575786924
2741,21029,277.3507988184562
2742,21030,298.2274216448657
2743,21031,345.86503824594774
2744,21032,398.28517147430364
2745,21033,514.67146459245
2746,21034,730.517692961625
2747,21035,809.8746477818328
2748,21036,818.455045260178
2749,21037,723.8596796177733
2750,21038,773.982329368321
2751,21039,764.2063027331582
2752,21040,744.7011368807468
2753,21041,762.0494815090933
2754,21042,780.8044486748738
2755,21043,828.5123964028276
2756,21044,796.1717998963334
2757,21045,743.1421302350898
2758,21046,745.8381567651704
2759,21047,728.2084876293387
2760,21048,662.2781532998363
2761,21049,528.5326149486252
2762,21050,447.3013842464027
2763,21051,369.5891535412772
2764,21052,311.08430743569284
2765,21053,278.4717690010563
2766,21054,299.43276898376564
2767,21055,347.262922790464
2768,21056,399.89492274704725
2769,21057,516.7516149583442
2770,21058,733.4702301641871
2771,21059,813.1479224061522
2772,21060,821.7629993221235
2773,21061,726.7853070927788
2774,21062,777.1105378204954
2775,21063,767.2949993670543
2776,21064,747.7109993832095
2777,21065,765.129460907302
2778,21066,783.9602301225378
2779,21067,831.8609993137932
2780,21068,799.3896916482696
2781,21069,746.1456916921915
2782,21070,748.8526147668813
2783,21071,731.1516917045616
2784,21072,664.9441113791768
2785,21073,530.66018897171
2786,21074,449.10196717864994
2787,21075,371.0769108906789
2788,21076,312.33655729269327
2789,21077,279.5927391836565
2790,21078,300.6381163226656
2791,21079,348.6608073349803
2792,21080,401.50467401979085
2793,21081,518.8317653242386
2794,21082,736.4227673667493
2795,21083,816.4211970304718
2796,21084,825.0709533840688
2797,21085,729.7109345677843
2798,21086,780.2387462726703
2799,21087,770.3836960009505
2800,21088,750.7208618856722
2801,21089,768.2094403055107
2802,21090,787.1160115702019
2803,21091,835.2096022247591
2804,21092,802.6075834002061
2805,21093,749.1492531492933
2806,21094,751.8670727685923
2807,21095,734.0948957797847
2808,21096,667.6100694585173
2809,21097,532.7877629947945
2810,21098,450.9025501108971
2811,21099,372.5646682400805
2812,21100,313.5888071496936
2813,21101,280.7137093662566
2814,21102,301.8434636615656
2815,21103,350.05869187949656
2816,21104,403.1144252925345
2817,21105,520.9119156901328
2818,21106,739.3753045693114
2819,21107,819.6944716547915
2820,21108,828.3789074460142
2821,21109,732.6365620427898
2822,21110,783.3669547248448
2823,21111,773.4723926348465
2824,21112,753.7307243881348
2825,21113,771.2894197037195
2826,21114,790.2717930178658
2827,21115,838.5582051357247
2828,21116,805.8254751521424
2829,21117,752.1528146063949
2830,21118,754.8815307703031
2831,21119,737.0380998550077
2832,21120,670.2760275378577
2833,21121,534.9153370178792
2834,21122,452.7031330431442
2835,21123,374.05242558948214
2836,21124,314.84105700669403
2837,21125,281.83467954885674
2838,21126,303.04881100046555
2839,21127,351.45657642401284
2840,21128,404.7241765652782
2841,21129,522.992066056027
2842,21130,742.3278417718735
2843,21131,822.967746279111
2844,21132,831.6868615079595
2845,21133,735.5621895177953
2846,21134,786.4951631770194
2847,21135,776.5610892687425
2848,21136,756.7405868905973
2849,21137,774.3693991019284
2850,21138,793.4275744655297
2851,21139,841.9068080466903
2852,21140,809.0433669040787
2853,21141,755.1563760634965
2854,21142,757.895988772014
2855,21143,739.9813039302305
2856,21144,672.9419856171982
2857,21145,537.042911040964
2858,21146,454.50371597539146
2859,21147,375.5401829388838
2860,21148,316.09330686369447
2861,21149,282.9556497314569
2862,21150,304.25415833936563
2863,21151,352.8544609685291
2864,21152,406.3339278380218
2865,21153,525.0722164219213
2866,21154,745.2803789744358
2867,21155,826.2410209034306
2868,21156,834.9948155699049
2869,21157,738.487816992801
2870,21158,789.6233716291943
2871,21159,779.6497859026387
2872,21160,759.7504493930602
2873,21161,777.4493785001371
2874,21162,796.5833559131938
2875,21163,845.2554109576563
2876,21164,812.2612586560151
2877,21165,758.1599375205983
2878,21166,760.910446773725
2879,21167,742.9245080054536
2880,21168,675.6079436965388
2881,21169,539.1704850640488
2882,21170,456.3042989076387
2883,21171,377.0279402882855
2884,21172,317.34555672069496
2885,21173,284.07661991405706
2886,21174,305.4595056782656
2887,21175,354.25234551304544
2888,21176,407.9436791107655
2889,21177,527.1523667878157
2890,21178,748.2329161769981
2891,21179,829.5142955277504
2892,21180,838.3027696318504
2893,21181,741.4134444678066
2894,21182,792.7515800813687
2895,21183,782.7384825365349
2896,21184,762.7603118955229
2897,21185,780.529357898346
2898,21186,799.739137360858
2899,21187,848.6040138686221
2900,21188,815.4791504079516
2901,21189,761.1634989777001
2902,21190,763.9249047754358
2903,21191,745.8677120806767
2904,21192,678.2739017758792
2905,21193,541.2980590871334
2906,21194,458.1048818398858
2907,21195,378.515697637687
2908,21196,318.59780657769534
2909,21197,285.19759009665717
2910,21198,306.66485301716557
2911,21199,355.65023005756166
2912,21200,409.5534303835092
2913,21201,529.2325171537099
2914,21202,751.1854533795602
2915,21203,832.78757015207
2916,21204,841.6107236937956
2917,21205,744.3390719428121
2918,21206,795.8797885335434
2919,21207,785.827179170431
2920,21208,765.7701743979856
2921,21209,783.6093372965546
2922,21210,802.8949188085219
2923,21211,851.9526167795877
2924,21212,818.6970421598878
2925,21213,764.1670604348018
2926,21214,766.9393627771467
2927,21215,748.8109161558996
2928,21216,680.9398598552195
2929,21217,543.4256331102181
2930,21218,459.905464772133
2931,21219,380.0034549870887
2932,21220,319.8500564346957
2933,21221,286.31856027925727
2934,21222,307.87020035606554
2935,21223,357.04811460207793
2936,21224,411.1631816562528
2937,21225,531.3126675196041
2938,21226,754.1379905821223
2939,21227,836.0608447763893
2940,21228,844.9186777557411
2941,21229,747.2646994178176
2942,21230,799.0079969857179
2943,21231,788.915875804327
2944,21232,768.7800369004483
2945,21233,786.6893166947634
2946,21234,806.0507002561857
2947,21235,855.3012196905535
2948,21236,821.9149339118242
2949,21237,767.1706218919034
2950,21238,769.9538207788576
2951,21239,751.7541202311224
2952,21240,683.6058179345602
2953,21241,545.5532071333027
2954,21242,461.70604770438024
2955,21243,381.4912123364903
2956,21244,321.10230629169615
2957,21245,287.43953046185743
2958,21246,309.07554769496556
2959,21247,358.44599914659426
2960,21248,412.7729329289964
2961,21249,533.3928178854984
2962,21250,757.0905277846845
2963,21251,839.3341194007091
2964,21252,848.2266318176864
2965,21253,750.1903268928232
2966,21254,802.1362054378927
2967,21255,792.0045724382232
2968,21256,771.7898994029108
2969,21257,789.7692960929721
2970,21258,809.2064817038499
2971,21259,858.6498226015192
2972,21260,825.1328256637606
2973,21261,770.1741833490053
2974,21262,772.9682787805684
2975,21263,754.6973243063455
2976,21264,686.2717760139005
2977,21265,547.6807811563874
2978,21266,463.5066306366274
2979,21267,382.97896968589197
2980,21268,322.3545561486966
2981,21269,288.56050064445753
2982,21270,310.28089503386553
2983,21271,359.8438836911105
2984,21272,414.38268420174006
2985,21273,535.4729682513927
2986,21274,760.0430649872466
2987,21275,842.6073940250287
2988,21276,851.5345858796318
2989,21277,753.1159543678286
2990,21278,805.2644138900673
2991,21279,795.0932690721193
2992,21280,774.7997619053735
2993,21281,792.8492754911808
2994,21282,812.3622631515137
2995,21283,861.9984255124848
2996,21284,828.3507174156969
2997,21285,773.1777448061068
2998,21286,775.9827367822794
2999,21287,757.6405283815685
3000,21288,688.9377340932409
3001,21289,549.8083551794721
3002,21290,465.30721356887454
3003,21291,384.4667270352935
3004,21292,323.6068060056969
3005,21293,289.6814708270577
3006,21294,311.4862423727655
3007,21295,361.24176823562675
3008,21296,415.9924354744837
3009,21297,537.5531186172868
3010,21298,762.9956021898087
3011,21299,845.8806686493483
3012,21300,854.8425399415771
3013,21301,756.0415818428341
3014,21302,808.3926223422419
3015,21303,798.1819657060154
3016,21304,777.809624407836
3017,21305,795.9292548893897
3018,21306,815.5180445991778
3019,21307,865.3470284234506
3020,21308,831.5686091676332
3021,21309,776.1813062632085
3022,21310,778.9971947839902
3023,21311,760.5837324567915
3024,21312,691.6036921725814
3025,21313,551.9359292025568
3026,21314,467.1077965011218
3027,21315,385.9544843846952
3028,21316,324.85905586269735
3029,21317,290.80244100965785
3030,21318,312.69158971166553
3031,21319,362.6396527801431
3032,21320,417.60218674722734
3033,21321,539.6332689831812
3034,21322,765.9481393923709
3035,21323,849.1539432736679
3036,21324,858.1504940035227
3037,21325,758.9672093178399
3038,21326,811.5208307944167
3039,21327,801.2706623399115
3040,21328,780.8194869102989
3041,21329,799.0092342875985
3042,21330,818.6738260468418
3043,21331,868.6956313344165
3044,21332,834.7865009195697
3045,21333,779.1848677203103
3046,21334,782.0116527857012
3047,21335,763.5269365320145
3048,21336,694.2696502519218
3049,21337,554.0635032256415
3050,21338,468.90837943336896
3051,21339,387.44224173409685
3052,21340,326.1113057196978
3053,21341,291.92341119225796
3054,21342,313.8969370505655
3055,21343,364.0375373246593
3056,21344,419.21193801997094
3057,21345,541.7134193490755
3058,21346,768.900676594933
3059,21347,852.4272178979875
3060,21348,861.4584480654678
3061,21349,761.8928367928453
3062,21350,814.6490392465912
3063,21351,804.3593589738075
3064,21352,783.8293494127615
3065,21353,802.0892136858072
3066,21354,821.8296074945056
3067,21355,872.0442342453821
3068,21356,838.0043926715059
3069,21357,782.188429177412
3070,21358,785.026110787412
3071,21359,766.4701406072375
3072,21360,696.9356083312623
3073,21361,556.1910772487262
3074,21362,470.7089623656161
3075,21363,388.9299990834985
3076,21364,327.3635555766982
3077,21365,293.04438137485806
3078,21366,315.10228438946547
3079,21367,365.43542186917557
3080,21368,420.8216892927146
3081,21369,543.7935697149696
3082,21370,771.8532137974951
3083,21371,855.7004925223071
3084,21372,864.7664021274132
3085,21373,764.8184642678508
3086,21374,817.7772476987659
3087,21375,807.4480556077035
3088,21376,786.8392119152242
3089,21377,805.1691930840159
3090,21378,824.9853889421697
3091,21379,875.3928371563478
3092,21380,841.2222844234423
3093,21381,785.1919906345136
3094,21382,788.040568789123
3095,21383,769.4133446824603
3096,21384,699.6015664106028
3097,21385,558.3186512718108
3098,21386,472.5095452978634
3099,21387,390.4177564329001
3100,21388,328.61580543369865
3101,21389,294.1653515574582
3102,21390,316.30763172836555
3103,21391,366.8333064136919
3104,21392,422.43144056545833
3105,21393,545.873720080864
3106,21394,774.8057510000574
3107,21395,858.9737671466266
3108,21396,868.0743561893587
3109,21397,767.7440917428564
3110,21398,820.9054561509406
3111,21399,810.5367522415997
3112,21400,789.849074417687
3113,21401,808.2491724822247
3114,21402,828.1411703898336
3115,21403,878.7414400673135
3116,21404,844.4401761753787
3117,21405,788.1955520916154
3118,21406,791.0550267908338
3119,21407,772.3565487576834
3120,21408,702.2675244899433
3121,21409,560.4462252948956
3122,21410,474.31012823011054
3123,21411,391.9055137823017
3124,21412,329.868055290699
3125,21413,295.2863217400584
3126,21414,317.5129790672655
3127,21415,368.2311909582081
3128,21416,424.0411918382019
3129,21417,547.9538704467582
3130,21418,777.7582882026195
3131,21419,862.2470417709462
3132,21420,871.3823102513038
3133,21421,770.6697192178619
3134,21422,824.0336646031152
3135,21423,813.6254488754959
3136,21424,792.8589369201495
3137,21425,811.3291518804335
3138,21426,831.2969518374978
3139,21427,882.0900429782791
3140,21428,847.658067927315
3141,21429,791.1991135487169
3142,21430,794.0694847925446
3143,21431,775.2997528329064
3144,21432,704.9334825692837
3145,21433,562.5737993179802
3146,21434,476.11071116235763
3147,21435,393.39327113170333
3148,21436,331.1203051476994
3149,21437,296.4072919226585
3150,21438,318.7183264061655
3151,21439,369.6290755027244
3152,21440,425.6509431109455
3153,21441,550.0340208126524
3154,21442,780.7108254051816
3155,21443,865.5203163952658
3156,21444,874.6902643132493
3157,21445,773.5953466928673
3158,21446,827.1618730552898
3159,21447,816.714145509392
3160,21448,795.8687994226123
3161,21449,814.409131278642
3162,21450,834.4527332851616
3163,21451,885.438645889245
3164,21452,850.8759596792513
3165,21453,794.2026750058186
3166,21454,797.0839427942556
3167,21455,778.2429569081294
3168,21456,707.5994406486242
3169,21457,564.7013733410649
3170,21458,477.9112940946049
3171,21459,394.88102848110503
3172,21460,332.37255500469985
3173,21461,297.52826210525865
3174,21462,319.92367374506546
3175,21463,371.0269600472407
3176,21464,427.26069438368927
3177,21465,552.1141711785467
3178,21466,783.6633626077437
3179,21467,868.7935910195854
3180,21468,877.9982183751947
3181,21469,776.5209741678731
3182,21470,830.2900815074645
3183,21471,819.8028421432882
3184,21472,798.878661925075
3185,21473,817.4891106768509
3186,21474,837.6085147328256
3187,21475,888.7872488002108
3188,21476,854.0938514311878
3189,21477,797.2062364629204
3190,21478,800.0984007959664
3191,21479,781.1861609833522
3192,21480,710.2653987279647
3193,21481,566.8289473641496
3194,21482,479.7118770268521
3195,21483,396.3687858305067
3196,21484,333.6248048617003
3197,21485,298.64923228785875
3198,21486,321.1290210839654
3199,21487,372.42484459175694
3200,21488,428.8704456564328
3201,21489,554.194321544441
3202,21490,786.6158998103058
3203,21491,872.066865643905
3204,21492,881.30617243714
3205,21493,779.4466016428785
3206,21494,833.4182899596392
3207,21495,822.8915387771842
3208,21496,801.8885244275375
3209,21497,820.5690900750596
3210,21498,840.7642961804896
3211,21499,892.1358517111764
3212,21500,857.311743183124
3213,21501,800.2097979200221
3214,21502,803.1128587976773
3215,21503,784.1293650585751
3216,21504,712.9313568073051
3217,21505,568.9565213872343
3218,21506,481.51245995909915
3219,21507,397.85654317990816
3220,21508,334.8770547187006
3221,21509,299.77020247045886
3222,21510,322.3343684228654
3223,21511,373.8227291362732
3224,21512,430.48019692917643
3225,21513,556.2744719103353
3226,21514,789.5684370128681
3227,21515,875.3401402682246
3228,21516,884.6141264990853
3229,21517,782.372229117884
3230,21518,836.5464984118137
3231,21519,825.9802354110802
3232,21520,804.89838693
3233,21521,823.6490694732684
3234,21522,843.9200776281534
3235,21523,895.4844546221422
3236,21524,860.5296349350604
3237,21525,803.2133593771237
3238,21526,806.1273167993882
3239,21527,787.0725691337981
3240,21528,715.5973148866456
3241,21529,571.084095410319
3242,21530,483.3130428913464
3243,21531,399.34430052930986
3244,21532,336.1293045757011
3245,21533,300.891172653059
3246,21534,323.5397157617654
3247,21535,375.22061368078954
3248,21536,432.08994820192015
3249,21537,558.3546222762295
3250,21538,792.5209742154302
3251,21539,878.6134148925441
3252,21540,887.9220805610308
3253,21541,785.2978565928896
3254,21542,839.6747068639885
3255,21543,829.0689320449765
3256,21544,807.9082494324629
3257,21545,826.7290488714773
3258,21546,847.0758590758177
3259,21547,898.8330575331079
3260,21548,863.7475266869968
3261,21549,806.2169208342254
3262,21550,809.1417748010992
3263,21551,790.0157732090212
3264,21552,718.2632729659862
3265,21553,573.2116694334037
3266,21554,485.1136258235937
3267,21555,400.83205787871157
3268,21556,337.38155443270153
3269,21557,302.0121428356592
3270,21558,324.74506310066545
3271,21559,376.6184982253058
3272,21560,433.6996994746638
3273,21561,560.4347726421239
3274,21562,795.4735114179924
3275,21563,881.8866895168638
3276,21564,891.2300346229763
3277,21565,788.2234840678954
3278,21566,842.8029153161633
3279,21567,832.1576286788726
3280,21568,810.9181119349257
3281,21569,829.809028269686
3282,21570,850.2316405234817
3283,21571,902.1816604440737
3284,21572,866.9654184389333
3285,21573,809.2204822913272
3286,21574,812.1562328028101
3287,21575,792.9589772842443
3288,21576,720.9292310453266
3289,21577,575.3392434564884
3290,21578,486.91420875584083
3291,21579,402.3198152281132
3292,21580,338.63380428970197
3293,21581,303.13311301825934
3294,21582,325.9504104395654
3295,21583,378.0163827698221
3296,21584,435.3094507474074
3297,21585,562.5149230080181
3298,21586,798.4260486205545
3299,21587,885.1599641411835
3300,21588,894.5379886849214
3301,21589,791.1491115429008
3302,21590,845.9311237683378
3303,21591,835.2463253127687
3304,21592,813.9279744373882
3305,21593,832.8890076678948
3306,21594,853.3874219711456
3307,21595,905.5302633550396
3308,21596,870.1833101908696
3309,21597,812.2240437484288
3310,21598,815.1706908045209
3311,21599,795.9021813594672
3312,21600,723.5951891246671
3313,21601,577.4668174795731
3314,21602,488.714791688088
3315,21603,403.80757257751475
3316,21604,339.88605414670235
3317,21605,304.25408320085944
3318,21606,327.1557577784654
3319,21607,379.41426731433836
3320,21608,436.91920202015103
3321,21609,564.5950733739123
3322,21610,801.3785858231166
3323,21611,888.4332387655029
3324,21612,897.8459427468669
3325,21613,794.0747390179063
3326,21614,849.0593322205125
3327,21615,838.3350219466647
3328,21616,816.937836939851
3329,21617,835.9689870661034
3330,21618,856.5432034188095
3331,21619,908.8788662660052
3332,21620,873.4012019428059
3333,21621,815.2276052055305
3334,21622,818.1851488062318
3335,21623,798.8453854346901
3336,21624,726.2611472040076
3337,21625,579.5943915026578
3338,21626,490.51537462033525
3339,21627,405.29532992691645
3340,21628,341.1383040037028
3341,21629,305.37505338345966
3342,21630,328.3611051173654
3343,21631,380.81215185885463
3344,21632,438.5289532928948
3345,21633,566.6752237398066
3346,21634,804.3311230256788
3347,21635,891.7065133898226
3348,21636,901.1538968088123
3349,21637,797.0003664929119
3350,21638,852.1875406726872
3351,21639,841.423718580561
3352,21640,819.9476994423137
3353,21641,839.0489664643123
3354,21642,859.6989848664737
3355,21643,912.2274691769709
3356,21644,876.6190936947423
3357,21645,818.2311666626323
3358,21646,821.1996068079427
3359,21647,801.7885895099132
3360,21648,728.9271052833479
3361,21649,581.7219655257425
3362,21650,492.31595755258235
3363,21651,406.78308727631804
3364,21652,342.39055386070316
3365,21653,306.4960235660597
3366,21654,329.5664524562654
3367,21655,382.2100364033709
3368,21656,440.13870456563836
3369,21657,568.7553741057009
3370,21658,807.2836602282409
3371,21659,894.9797880141423
3372,21660,904.4618508707576
3373,21661,799.9259939679175
3374,21662,855.3157491248618
3375,21663,844.512415214457
3376,21664,822.9575619447763
3377,21665,842.1289458625209
3378,21666,862.8547663141376
3379,21667,915.5760720879366
3380,21668,879.8369854466787
3381,21669,821.234728119734
3382,21670,824.2140648096536
3383,21671,804.7317935851361
3384,21672,731.5930633626883
3385,21673,583.8495395488271
3386,21674,494.11654048482956
3387,21675,408.2708446257197
3388,21676,343.6428037177036
3389,21677,307.6169937486598
3390,21678,330.77179979516535
3391,21679,383.6079209478872
3392,21680,441.748455838382
3393,21681,570.8355244715951
3394,21682,810.236197430803
3395,21683,898.2530626384616
3396,21684,907.7698049327029
3397,21685,802.8516214429228
3398,21686,858.4439575770364
3399,21687,847.6011118483531
3400,21688,825.967424447239
3401,21689,845.2089252607298
3402,21690,866.0105477618015
3403,21691,918.9246749989022
3404,21692,883.054877198615
3405,21693,824.2382895768358
3406,21694,827.2285228113644
3407,21695,807.674997660359
3408,21696,734.2590214420289
3409,21697,585.9771135719118
3410,21698,495.9171234170768
3411,21699,409.75860197512134
3412,21700,344.89505357470404
3413,21701,308.73796393126
3414,21702,331.9771471340654
3415,21703,385.0058054924035
3416,21704,443.3582071111257
3417,21705,572.9156748374894
3418,21706,813.1887346333654
3419,21707,901.5263372627813
3420,21708,911.0777589946484
3421,21709,805.7772489179285
3422,21710,861.572166029211
3423,21711,850.6898084822493
3424,21712,828.9772869497016
3425,21713,848.2889046589387
3426,21714,869.1663292094655
3427,21715,922.273277909868
3428,21716,886.2727689505514
3429,21717,827.2418510339373
3430,21718,830.2429808130753
3431,21719,810.6182017355821
3432,21720,736.9249795213693
3433,21721,588.1046875949966
3434,21722,497.717706349324
3435,21723,411.2463593245229
3436,21724,346.1473034317044
3437,21725,309.85893411386013
3438,21726,333.18249447296535
3439,21727,386.4036900369197
3440,21728,444.96795838386936
3441,21729,574.9958252033837
3442,21730,816.1412718359275
3443,21731,904.799611887101
3444,21732,914.3857130565937
3445,21733,808.7028763929341
3446,21734,864.7003744813856
3447,21735,853.7785051161454
3448,21736,831.9871494521642
3449,21737,851.3688840571472
3450,21738,872.3221106571295
3451,21739,925.6218808208339
3452,21740,889.4906607024878
3453,21741,830.2454124910391
3454,21742,833.2574388147862
3455,21743,813.5614058108051
3456,21744,739.5909376007097
3457,21745,590.2322616180811
3458,21746,499.51828928157107
3459,21747,412.7341166739245
3460,21748,347.3995532887048
3461,21749,310.9799042964603
3462,21750,334.3878418118653
3463,21751,387.80157458143594
3464,21752,446.5777096566129
3465,21753,577.075975569278
3466,21754,819.0938090384896
3467,21755,908.0728865114204
3468,21756,917.693667118539
3469,21757,811.6285038679396
3470,21758,867.8285829335601
3471,21759,856.8672017500414
3472,21760,834.9970119546268
3473,21761,854.448863455356
3474,21762,875.4778921047935
3475,21763,928.9704837317995
3476,21764,892.7085524544241
3477,21765,833.2489739481407
3478,21766,836.271896816497
3479,21767,816.504609886028
3480,21768,742.2568956800503
3481,21769,592.3598356411659
3482,21770,501.31887221381834
3483,21771,414.2218740233262
3484,21772,348.65180314570523
3485,21773,312.1008744790604
3486,21774,335.59318915076534
3487,21775,389.19945912595233
3488,21776,448.1874609293566
3489,21777,579.1561259351722
3490,21778,822.0463462410519
3491,21779,911.3461611357401
3492,21780,921.0016211804844
3493,21781,814.5541313429451
3494,21782,870.956791385735
3495,21783,859.9558983839374
3496,21784,838.0068744570897
3497,21785,857.5288428535648
3498,21786,878.6336735524576
3499,21787,932.3190866427652
3500,21788,895.9264442063607
3501,21789,836.2525354052425
3502,21790,839.2863548182081
3503,21791,819.4478139612511
3504,21792,744.9228537593907
3505,21793,594.4874096642505
3506,21794,503.11945514606555
3507,21795,415.70963137272787
3508,21796,349.90405300270567
3509,21797,313.22184466166055
3510,21798,336.7985364896653
3511,21799,390.59734367046855
3512,21800,449.79721220210024
3513,21801,581.2362763010665
3514,21802,824.998883443614
3515,21803,914.6194357600598
3516,21804,924.3095752424299
3517,21805,817.4797588179507
3518,21806,874.0849998379094
3519,21807,863.0445950178336
3520,21808,841.0167369595522
3521,21809,860.6088222517735
3522,21810,881.7894550001215
3523,21811,935.667689553731
3524,21812,899.1443359582969
3525,21813,839.2560968623442
3526,21814,842.3008128199187
3527,21815,822.391018036474
3528,21816,747.5888118387311
3529,21817,596.6149836873352
3530,21818,504.9200380783126
3531,21819,417.1973887221294
3532,21820,351.15630285970605
3533,21821,314.34281484426066
3534,21822,338.0038838285653
3535,21823,391.99522821498476
3536,21824,451.4069634748438
3537,21825,583.3164266669606
3538,21826,827.9514206461761
3539,21827,917.8927103843791
3540,21828,927.617529304375
3541,21829,820.4053862929561
3542,21830,877.2132082900841
3543,21831,866.1332916517297
3544,21832,844.0265994620149
3545,21833,863.6888016499822
3546,21834,884.9452364477854
3547,21835,939.0162924646966
3548,21836,902.3622277102331
3549,21837,842.2596583194459
3550,21838,845.3152708216297
3551,21839,825.3342221116969
3552,21840,750.2547699180716
3553,21841,598.74255771042
3554,21842,506.72062101055985
3555,21843,418.6851460715311
3556,21844,352.4085527167065
3557,21845,315.4637850268608
3558,21846,339.2092311674653
3559,21847,393.39311275950115
3560,21848,453.0167147475875
3561,21849,585.396577032855
3562,21850,830.9039578487382
3563,21851,921.1659850086988
3564,21852,930.9254833663205
3565,21853,823.3310137679616
3566,21854,880.3414167422588
3567,21855,869.2219882856259
3568,21856,847.0364619644777
3569,21857,866.768781048191
3570,21858,888.1010178954496
3571,21859,942.3648953756624
3572,21860,905.5801194621697
3573,21861,845.2632197765477
3574,21862,848.3297288233407
3575,21863,828.2774261869199
3576,21864,752.9207279974121
3577,21865,600.8701317335046
3578,21866,508.52120394280706
3579,21867,420.1729034209327
3580,21868,353.66080257370686
3581,21869,316.5847552094609
3582,21870,340.4145785063653
3583,21871,394.79099730401737
3584,21872,454.6264660203311
3585,21873,587.4767273987493
3586,21874,833.8564950513003
3587,21875,924.4392596330185
3588,21876,934.2334374282659
3589,21877,826.2566412429672
3590,21878,883.4696251944334
3591,21879,872.3106849195219
3592,21880,850.0463244669403
3593,21881,869.8487604463999
3594,21882,891.2567993431134
3595,21883,945.7134982866282
3596,21884,908.7980112141059
3597,21885,848.2667812336492
3598,21886,851.3441868250516
3599,21887,831.2206302621428
3600,21888,755.5866860767525
3601,21889,602.9977057565893
3602,21890,510.32178687505416
3603,21891,421.66066077033435
3604,21892,354.9130524307073
3605,21893,317.705725392061
3606,21894,341.61992584526524
3607,21895,396.1888818485336
3608,21896,456.2362172930748
3609,21897,589.5568777646434
3610,21898,836.8090322538624
3611,21899,927.7125342573379
3612,21900,937.541391490211
3613,21901,829.1822687179729
3614,21902,886.597833646608
3615,21903,875.3993815534179
3616,21904,853.0561869694029
3617,21905,872.9287398446083
3618,21906,894.4125807907774
3619,21907,949.0621011975938
3620,21908,912.0159029660422
3621,21909,851.2703426907508
3622,21910,854.3586448267623
3623,21911,834.1638343373656
3624,21912,758.2526441560931
3625,21913,605.125279779674
3626,21914,512.1223698073014
3627,21915,423.148418119736
3628,21916,356.16530228770773
3629,21917,318.82669557466124
3630,21918,342.82527318416527
3631,21919,397.58676639304997
3632,21920,457.84596856581845
3633,21921,591.6370281305378
3634,21922,839.7615694564246
3635,21923,930.9858088816577
3636,21924,940.8493455521566
3637,21925,832.1078961929784
3638,21926,889.7260420987827
3639,21927,878.4880781873142
3640,21928,856.0660494718655
3641,21929,876.0087192428173
3642,21930,897.5683622384414
3643,21931,952.4107041085596
3644,21932,915.2337947179788
3645,21933,854.2739041478526
3646,21934,857.3731028284733
3647,21935,837.1070384125887
3648,21936,760.9186022354336
3649,21937,607.2528538027588
3650,21938,513.9229527395487
3651,21939,424.6361754691377
3652,21940,357.41755214470817
3653,21941,319.94766575726135
3654,21942,344.0306205230653
3655,21943,398.98465093756624
3656,21944,459.4557198385621
3657,21945,593.7171784964321
3658,21946,842.7141066589868
3659,21947,934.2590835059774
3660,21948,944.157299614102
3661,21949,835.0335236679839
3662,21950,892.8542505509575
3663,21951,881.5767748212104
3664,21952,859.0759119743284
3665,21953,879.0886986410261
3666,21954,900.7241436861054
3667,21955,955.7593070195255
3668,21956,918.4516864699151
3669,21957,857.2774656049544
3670,21958,860.3875608301844
3671,21959,840.0502424878118
3672,21960,763.584560314774
3673,21961,609.3804278258434
3674,21962,515.7235356717958
3675,21963,426.1239328185393
3676,21964,358.6698020017086
3677,21965,321.0686359398615
3678,21966,345.23596786196526
3679,21967,400.3825354820825
3680,21968,461.0654711113058
3681,21969,595.7973288623264
3682,21970,845.6666438615489
3683,21971,937.5323581302969
3684,21972,947.4652536760475
3685,21973,837.9591511429895
3686,21974,895.9824590031321
3687,21975,884.6654714551065
3688,21976,862.0857744767909
3689,21977,882.1686780392349
3690,21978,903.8799251337695
3691,21979,959.1079099304911
3692,21980,921.6695782218515
3693,21981,860.2810270620561
3694,21982,863.402018831895
3695,21983,842.9934465630348
3696,21984,766.2505183941144
3697,21985,611.5080018489281
3698,21986,517.524118604043
3699,21987,427.6116901679409
3700,21988,359.922051858709
3701,21989,322.1896061224616
3702,21990,346.44131520086523
3703,21991,401.7804200265987
3704,21992,462.67522238404933
3705,21993,597.8774792282205
3706,21994,848.619181064111
3707,21995,940.8056327546165
3708,21996,950.7732077379926
3709,21997,840.8847786179949
3710,21998,899.1106674553067
3711,21999,887.7541680890024
3712,22000,865.0956369792536
3713,22001,885.2486574374436
3714,22002,907.0357065814333
3715,22003,962.4565128414567
3716,22004,924.8874699737878
3717,22005,863.2845885191578
3718,22006,866.416476833606
3719,22007,845.9366506382578
3720,22008,768.916476473455
3721,22009,613.6355758720129
3722,22010,519.3247015362903
3723,22011,429.0994475173425
3724,22012,361.1743017157094
3725,22013,323.3105763050618
3726,22014,347.6466625397652
3727,22015,403.17830457111506
3728,22016,464.28497365679306
3729,22017,599.9576295941149
3730,22018,851.5717182666733
3731,22019,944.0789073789362
3732,22020,954.0811617999381
3733,22021,843.8104060930007
3734,22022,902.2388759074815
3735,22023,890.8428647228986
3736,22024,868.1054994817164
3737,22025,888.3286368356523
3738,22026,910.1914880290975
3739,22027,965.8051157524227
3740,22028,928.1053617257242
3741,22029,866.2881499762595
3742,22030,869.430934835317
3743,22031,848.8798547134809
3744,22032,771.5824345527955
3745,22033,615.7631498950974
3746,22034,521.1252844685374
3747,22035,430.5872048667442
3748,22036,362.4265515727098
3749,22037,324.4315464876619
3750,22038,348.85200987866517
3751,22039,404.57618911563134
3752,22040,465.89472492953666
3753,22041,602.0377799600091
3754,22042,854.5242554692354
3755,22043,947.3521820032556
3756,22044,957.3891158618835
3757,22045,846.7360335680061
3758,22046,905.367084359656
3759,22047,893.9315613567946
3760,22048,871.115361984179
3761,22049,891.4086162338612
3762,22050,913.3472694767613
3763,22051,969.1537186633883
3764,22052,931.3232534776605
3765,22053,869.2917114333611
3766,22054,872.4453928370276
3767,22055,851.8230587887037
3768,22056,774.2483926321358
3769,22057,617.8907239181822
3770,22058,522.9258674007845
3771,22059,432.07496221614576
3772,22060,363.6788014297102
3773,22061,325.552516670262
3774,22062,350.05735721756514
3775,22063,405.9740736601475
3776,22064,467.50447620228033
3777,22065,604.1179303259033
3778,22066,857.4767926717975
3779,22067,950.6254566275752
3780,22068,960.6970699238286
3781,22069,849.6616610430117
3782,22070,908.4952928118307
3783,22071,897.0202579906908
3784,22072,874.1252244866416
3785,22073,894.4885956320697
3786,22074,916.5030509244255
3787,22075,972.5023215743539
3788,22076,934.5411452295969
3789,22077,872.2952728904627
3790,22078,875.4598508387386
3791,22079,854.7662628639266
3792,22080,776.9143507114763
3793,22081,620.0182979412668
3794,22082,524.7264503330318
3795,22083,433.56271956554747
3796,22084,364.9310512867106
3797,22085,326.6734868528622
3798,22086,351.2627045564652
3799,22087,407.3719582046639
3800,22088,469.114227475024
3801,22089,606.1980806917977
3802,22090,860.4293298743598
3803,22091,953.8987312518949
3804,22092,964.0050239857742
3805,22093,852.5872885180172
3806,22094,911.6235012640054
3807,22095,900.108954624587
3808,22096,877.1350869891044
3809,22097,897.5685750302787
3810,22098,919.6588323720894
3811,22099,975.8509244853199
3812,22100,937.7590369815332
3813,22101,875.2988343475645
3814,22102,878.4743088404496
3815,22103,857.7094669391497
3816,22104,779.5803087908168
3817,22105,622.1458719643515
3818,22106,526.527033265279
3819,22107,435.05047691494906
3820,22108,366.18330114371105
3821,22109,327.7944570354623
3822,22110,352.4680518953652
3823,22111,408.76984274918016
3824,22112,470.7239787477676
3825,22113,608.2782310576919
3826,22114,863.3818670769219
3827,22115,957.1720058762144
3828,22116,967.3129780477195
3829,22117,855.5129159930227
3830,22118,914.75170971618
3831,22119,903.1976512584831
3832,22120,880.1449494915671
3833,22121,900.6485544284874
3834,22122,922.8146138197533
3835,22123,979.1995273962855
3836,22124,940.9769287334695
3837,22125,878.3023958046662
3838,22126,881.4887668421604
3839,22127,860.6526710143727
3840,22128,782.2462668701571
3841,22129,624.2734459874362
3842,22130,528.327616197526
3843,22131,436.53823426435065
3844,22132,367.4355510007114
3845,22133,328.9154272180624
3846,22134,353.67339923426516
3847,22135,410.1677272936963
3848,22136,472.3337300205112
3849,22137,610.3583814235861
3850,22138,866.334404279484
3851,22139,960.445280500534
3852,22140,970.6209321096649
3853,22141,858.4385434680282
3854,22142,917.8799181683546
3855,22143,906.2863478923791
3856,22144,883.1548119940296
3857,22145,903.7285338266961
3858,22146,925.9703952674173
3859,22147,982.5481303072511
3860,22148,944.1948204854059
3861,22149,881.305957261768
3862,22150,884.5032248438712
3863,22151,863.5958750895957
3864,22152,784.9122249494978
3865,22153,626.4010200105208
3866,22154,530.1281991297733
3867,22155,438.02599161375235
3868,22156,368.68780085771186
3869,22157,330.03639740066257
3870,22158,354.8787465731652
3871,22159,411.5656118382127
3872,22160,473.9434812932549
3873,22161,612.4385317894804
3874,22162,869.2869414820461
3875,22163,963.7185551248537
3876,22164,973.9288861716102
3877,22165,861.364170943034
3878,22166,921.0081266205293
3879,22167,909.3750445262754
3880,22168,886.1646744964924
3881,22169,906.808513224905
3882,22170,929.1261767150813
3883,22171,985.896733218217
3884,22172,947.4127122373422
3885,22173,884.3095187188696
3886,22174,887.5176828455822
3887,22175,866.5390791648188
3888,22176,787.5781830288381
3889,22177,628.5285940336056
3890,22178,531.9287820620204
3891,22179,439.51374896315394
3892,22180,369.94005071471224
3893,22181,331.15736758326267
3894,22182,356.08409391206516
3895,22183,412.963496382729
3896,22184,475.55323256599854
3897,22185,614.5186821553747
3898,22186,872.2394786846082
3899,22187,966.9918297491731
3900,22188,977.2368402335557
3901,22189,864.2897984180393
3902,22190,924.136335072704
3903,22191,912.4637411601714
3904,22192,889.1745369989549
3905,22193,909.8884926231135
3906,22194,932.2819581627454
3907,22195,989.2453361291826
3908,22196,950.6306039892786
3909,22197,887.3130801759714
3910,22198,890.532140847293
3911,22199,869.4822832400416
3912,22200,790.2441411081786
3913,22201,630.6561680566901
3914,22202,533.7293649942676
3915,22203,441.00150631255553
3916,22204,371.1923005717127
3917,22205,332.27833776586283
3918,22206,357.2894412509651
3919,22207,414.36138092724514
3920,22208,477.16298383874215
3921,22209,616.5988325212688
3922,22210,875.1920158871703
3923,22211,970.2651043734927
3924,22212,980.5447942955009
3925,22213,867.2154258930449
3926,22214,927.2645435248785
3927,22215,915.5524377940675
3928,22216,892.1843995014176
3929,22217,912.9684720213223
3930,22218,935.4377396104092
3931,22219,992.5939390401483
3932,22220,953.848495741215
3933,22221,890.316641633073
3934,22222,893.5465988490038
3935,22223,872.4254873152645
3936,22224,792.9100991875191
3937,22225,632.7837420797749
3938,22226,535.5299479265149
3939,22227,442.4892636619572
3940,22228,372.4445504287131
3941,22229,333.39930794846293
3942,22230,358.49478858986515
3943,22231,415.7592654717615
3944,22232,478.77273511148576
3945,22233,618.6789828871632
3946,22234,878.1445530897325
3947,22235,973.5383789978124
3948,22236,983.8527483574462
3949,22237,870.1410533680505
3950,22238,930.3927519770532
3951,22239,918.6411344279636
3952,22240,895.1942620038803
3953,22241,916.0484514195311
3954,22242,938.5935210580733
3955,22243,995.9425419511142
3956,22244,957.0663874931513
3957,22245,893.3202030901748
3958,22246,896.5610568507149
3959,22247,875.3686913904875
3960,22248,795.5760572668596
3961,22249,634.9113161028597
3962,22250,537.330530858762
3963,22251,443.97702101135883
3964,22252,373.6968002857135
3965,22253,334.5202781310631
3966,22254,359.7001359287651
3967,22255,417.1571500162778
3968,22256,480.3824863842294
3969,22257,620.7591332530574
3970,22258,881.0970902922946
3971,22259,976.8116536221319
3972,22260,987.1607024193917
3973,22261,873.066680843056
3974,22262,933.5209604292279
3975,22263,921.7298310618596
3976,22264,898.204124506343
3977,22265,919.1284308177399
3978,22266,941.7493025057372
3979,22267,999.2911448620798
3980,22268,960.2842792450876
3981,22269,896.3237645472764
3982,22270,899.5755148524256
3983,22271,878.3118954657104
3984,22272,798.2420153461999
3985,22273,637.0388901259442
3986,22274,539.1311137910092
3987,22275,445.4647783607604
3988,22276,374.9490501427139
3989,22277,335.6412483136632
3990,22278,360.9054832676651
3991,22279,418.55503456079396
3992,22280,481.9922376569731
3993,22281,622.8392836189516
3994,22282,884.0496274948567
3995,22283,980.0849282464515
3996,22284,990.4686564813369
3997,22285,875.9923083180614
3998,22286,936.6491688814025
3999,22287,924.8185276957556
4000,22288,901.2139870088056
4001,22289,922.2084102159486
4002,22290,944.9050839534011
4003,22291,1002.6397477730454
4004,22292,963.502170997024
4005,22293,899.327326004378
4006,22294,902.5899728541365
4007,22295,881.2550995409333
4008,22296,800.9079734255404
4009,22297,639.166464149029
4010,22298,540.9316967232564
4011,22299,446.9525357101621
4012,22300,376.20129999971437
4013,22301,336.76221849626336
4014,22302,362.11083060656506
4015,22303,419.95291910531034
4016,22304,483.60198892971675
4017,22305,624.9194339848459
4018,22306,887.002164697419
4019,22307,983.3582028707712
4020,22308,993.7766105432825
4021,22309,878.917935793067
4022,22310,939.7773773335771
4023,22311,927.9072243296519
4024,22312,904.2238495112683
4025,22313,925.2883896141574
4026,22314,948.0608654010651
4027,22315,1005.9883506840114
4028,22316,966.7200627489603
4029,22317,902.3308874614798
4030,22318,905.6044308558475
4031,22319,884.1983036161564
4032,22320,803.5739315048811
4033,22321,641.2940381721137
4034,22322,542.7322796555037
4035,22323,448.4402930595637
4036,22324,377.4535498567148
4037,22325,337.8831886788635
4038,22326,363.31617794546514
4039,22327,421.3508036498267
4040,22328,485.2117402024604
4041,22329,626.9995843507403
4042,22330,889.9547018999813
4043,22331,986.6314774950908
4044,22332,997.0845646052278
4045,22333,881.8435632680728
4046,22334,942.9055857857518
4047,22335,930.9959209635481
4048,22336,907.2337120137311
4049,22337,928.3683690123663
4050,22338,951.2166468487294
4051,22339,1009.3369535949771
4052,22340,969.9379545008969
4053,22341,905.3344489185816
4054,22342,908.6188888575584
4055,22343,887.1415076913795
4056,22344,806.2398895842214
4057,22345,643.4216121951983
4058,22346,544.5328625877509
4059,22347,449.92805040896536
4060,22348,378.7057997137152
4061,22349,339.0041588614636
4062,22350,364.5215252843651
4063,22351,422.7486881943429
4064,22352,486.8214914752041
4065,22353,629.0797347166346
4066,22354,892.9072391025434
4067,22355,989.9047521194104
4068,22356,1000.3925186671732
4069,22357,884.7691907430781
4070,22358,946.0337942379265
4071,22359,934.0846175974442
4072,22360,910.2435745161936
4073,22361,931.4483484105749
4074,22362,954.3724282963932
4075,22363,1012.6855565059427
4076,22364,973.1558462528332
4077,22365,908.3380103756833
4078,22366,911.6333468592693
4079,22367,890.0847117666024
4080,22368,808.9058476635619
4081,22369,645.5491862182831
4082,22370,546.3334455199979
4083,22371,451.415807758367
4084,22372,379.9580495707156
4085,22373,340.1251290440638
4086,22374,365.7268726232651
4087,22375,424.14657273885916
4088,22376,488.4312427479477
4089,22377,631.1598850825287
4090,22378,895.8597763051055
4091,22379,993.1780267437299
4092,22380,1003.7004727291185
4093,22381,887.6948182180837
4094,22382,949.162002690101
4095,22383,937.1733142313403
4096,22384,913.2534370186563
4097,22385,934.5283278087836
4098,22386,957.5282097440572
4099,22387,1016.0341594169086
4100,22388,976.3737380047694
4101,22389,911.3415718327849
4102,22390,914.64780486098
4103,22391,893.0279158418253
4104,22392,811.5718057429024
4105,22393,647.6767602413678
4106,22394,548.1340284522453
4107,22395,452.9035651077687
4108,22396,381.21029942771605
4109,22397,341.2460992266639
4110,22398,366.93221996216505
4111,22399,425.5444572833755
4112,22400,490.0409940206913
4113,22401,633.2400354484231
4114,22402,898.8123135076678
4115,22403,996.4513013680496
4116,22404,1007.008426791064
4117,22405,890.6204456930893
4118,22406,952.2902111422758
4119,22407,940.2620108652366
4120,22408,916.263299521119
4121,22409,937.6083072069924
4122,22410,960.6839911917212
4123,22411,1019.3827623278744
4124,22412,979.591629756706
4125,22413,914.3451332898867
4126,22414,917.6622628626911
4127,22415,895.9711199170484
4128,22416,814.2377638222428
4129,22417,649.8043342644525
4130,22418,549.9346113844924
4131,22419,454.3913224571703
4132,22420,382.46254928471643
4133,22421,342.36706940926405
4134,22422,368.137567301065
4135,22423,426.9423418278917
4136,22424,491.65074529343497
4137,22425,635.3201858143173
4138,22426,901.7648507102299
4139,22427,999.7245759923692
4140,22428,1010.3163808530093
4141,22429,893.5460731680948
4142,22430,955.4184195944504
4143,22431,943.3507074991323
4144,22432,919.2731620235817
4145,22433,940.6882866052013
4146,22434,963.839772639385
4147,22435,1022.73136523884
4148,22436,982.8095215086422
4149,22437,917.3486947469883
4150,22438,920.6767208644019
4151,22439,898.9143239922714
4152,22440,816.9037219015833
4153,22441,651.9319082875371
4154,22442,551.7351943167395
4155,22443,455.87907980657184
4156,22444,383.7147991417168
4157,22445,343.48803959186415
4158,22446,369.342914639965
4159,22447,428.340226372408
4160,22448,493.26049656617863
4161,22449,637.4003361802115
4162,22450,904.717387912792
4163,22451,1002.9978506166887
4164,22452,1013.6243349149547
4165,22453,896.4717006431002
4166,22454,958.546628046625
4167,22455,946.4394041330285
4168,22456,922.2830245260443
4169,22457,943.76826600341
4170,22458,966.9955540870492
4171,22459,1026.0799681498056
4172,22460,986.0274132605784
4173,22461,920.3522562040899
4174,22462,923.6911788661128
4175,22463,901.8575280674943
4176,22464,819.5696799809238
4177,22465,654.0594823106219
4178,22466,553.5357772489867
4179,22467,457.36683715597354
4180,22468,384.96704899871725
4181,22469,344.60900977446437
4182,22470,370.548261978865
4183,22471,429.7381109169243
4184,22472,494.8702478389223
4185,22473,639.4804865461058
4186,22474,907.6699251153541
4187,22475,1006.2711252410083
4188,22476,1016.9322889769
4189,22477,899.397328118106
4190,22478,961.6748364987998
4191,22479,949.5281007669247
4192,22480,925.292887028507
4193,22481,946.8482454016187
4194,22482,970.1513355347131
4195,22483,1029.4285710607714
4196,22484,989.245305012515
4197,22485,923.3558176611917
4198,22486,926.7056368678237
4199,22487,904.8007321427174
4200,22488,822.2356380602643
4201,22489,656.1870563337066
4202,22490,555.3363601812339
4203,22491,458.8545945053752
4204,22492,386.2192988557177
4205,22493,345.7299799570644
4206,22494,371.753609317765
4207,22495,431.13599546144053
4208,22496,496.47999911166585
4209,22497,641.5606369120001
4210,22498,910.6224623179162
4211,22499,1009.5443998653279
4212,22500,1020.2402430388453
4213,22501,902.3229555931114
4214,22502,964.8030449509743
4215,22503,952.6167974008208
4216,22504,928.3027495309698
4217,22505,949.9282247998275
4218,22506,973.3071169823772
4219,22507,1032.777173971737
4220,22508,992.4631967644513
4221,22509,926.3593791182934
4222,22510,929.7200948695345
4223,22511,907.7439362179402
4224,22512,824.9015961396046
4225,22513,658.3146303567912
4226,22514,557.136943113481
4227,22515,460.3423518547768
4228,22516,387.4715487127181
4229,22517,346.8509501396645
4230,22518,372.95895665666495
4231,22519,432.53388000595675
4232,22520,498.0897503844095
4233,22521,643.6407872778942
4234,22522,913.5749995204783
4235,22523,1012.8176744896474
4236,22524,1023.5481971007907
4237,22525,905.2485830681169
4238,22526,967.931253403149
4239,22527,955.7054940347168
4240,22528,931.3126120334323
4241,22529,953.0082041980363
4242,22530,976.462898430041
4243,22531,1036.125776882703
4244,22532,995.6810885163875
4245,22533,929.362940575395
4246,22534,932.7345528712453
4247,22535,910.6871402931632
4248,22536,827.5675542189452
4249,22537,660.4422043798759
4250,22538,558.9375260457283
4251,22539,461.83010920417837
4252,22540,388.7237985697185
4253,22541,347.97192032226474
4254,22542,374.16430399556504
4255,22543,433.93176455047313
4256,22544,499.69950165715323
4257,22545,645.7209376437886
4258,22546,916.5275367230405
4259,22547,1016.0909491139672
4260,22548,1026.856151162736
4261,22549,908.1742105431225
4262,22550,971.0594618553237
4263,22551,958.794190668613
4264,22552,934.3224745358951
4265,22553,956.088183596245
4266,22554,979.6186798777051
4267,22555,1039.4743797936687
4268,22556,998.8989802683241
4269,22557,932.3665020324968
4270,22558,935.7490108729563
4271,22559,913.6303443683863
4272,22560,830.2335122982856
4273,22561,662.5697784029605
4274,22562,560.7381089779755
4275,22563,463.31786655358
4276,22564,389.9760484267189
4277,22565,349.09289050486484
4278,22566,375.369651334465
4279,22567,435.32964909498935
4280,22568,501.3092529298968
4281,22569,647.8010880096828
4282,22570,919.4800739256026
4283,22571,1019.3642237382867
4284,22572,1030.1641052246814
4285,22573,911.0998380181281
4286,22574,974.1876703074983
4287,22575,961.8828873025091
4288,22576,937.3323370383578
4289,22577,959.1681629944537
4290,22578,982.7744613253691
4291,22579,1042.8229827046343
4292,22580,1002.1168720202603
4293,22581,935.3700634895984
4294,22582,938.7634688746673
4295,22583,916.5735484436093
4296,22584,832.8994703776261
4297,22585,664.6973524260452
4298,22586,562.5386919102226
4299,22587,464.80562390298167
4300,22588,391.2282982837193
4301,22589,350.213860687465
4302,22590,376.574998673365
4303,22591,436.72753363950557
4304,22592,502.9190042026404
4305,22593,649.881238375577
4306,22594,922.4326111281647
4307,22595,1022.6374983626062
4308,22596,1033.4720592866267
4309,22597,914.0254654931334
4310,22598,977.3158787596728
4311,22599,964.9715839364052
4312,22600,940.3421995408203
4313,22601,962.2481423926624
4314,22602,985.9302427730329
4315,22603,1046.1715856156002
4316,22604,1005.3347637721965
4317,22605,938.3736249467
4318,22606,941.7779268763779
4319,22607,919.5167525188322
4320,22608,835.5654284569666
4321,22609,666.82492644913
4322,22610,564.3392748424699
4323,22611,466.29338125238337
4324,22612,392.48054814071975
4325,22613,351.33483087006516
4326,22614,377.780346012265
4327,22615,438.12541818402195
4328,22616,504.5287554753842
4329,22617,651.9613887414714
4330,22618,925.3851483307269
4331,22619,1025.910772986926
4332,22620,1036.7800133485723
4333,22621,916.9510929681392
4334,22622,980.4440872118475
4335,22623,968.0602805703014
4336,22624,943.352062043283
4337,22625,965.3281217908714
4338,22626,989.0860242206971
4339,22627,1049.5201885265658
4340,22628,1008.5526555241331
4341,22629,941.3771864038018
4342,22630,944.7923848780889
4343,22631,922.459956594055
4344,22632,838.2313865363069
4345,22633,668.9525004722146
4346,22634,566.139857774717
4347,22635,467.78113860178496
4348,22636,393.7327979977201
4349,22637,352.45580105266527
4350,22638,378.98569335116497
4351,22639,439.52330272853817
4352,22640,506.1385067481278
4353,22641,654.0415391073656
4354,22642,928.337685533289
4355,22643,1029.1840476112454
4356,22644,1040.0879674105174
4357,22645,919.8767204431447
4358,22646,983.5722956640222
4359,22647,971.1489772041975
4360,22648,946.3619245457456
4361,22649,968.4081011890798
4362,22650,992.2418056683609
4363,22651,1052.8687914375314
4364,22652,1011.7705472760694
4365,22653,944.3807478609035
4366,22654,947.8068428797999
4367,22655,925.403160669278
4368,22656,840.8973446156474
4369,22657,671.0800744952993
4370,22658,567.9404407069642
4371,22659,469.2688959511865
4372,22660,394.9850478547205
4373,22661,353.57677123526537
4374,22662,380.19104069006494
4375,22663,440.9211872730544
4376,22664,507.74825802087133
4377,22665,656.1216894732598
4378,22666,931.2902227358511
4379,22667,1032.4573222355648
4380,22668,1043.3959214724628
4381,22669,922.8023479181502
4382,22670,986.7005041161967
4383,22671,974.2376738380935
4384,22672,949.3717870482083
4385,22673,971.4880805872887
4386,22674,995.3975871160251
4387,22675,1056.2173943484972
4388,22676,1014.9884390280058
4389,22677,947.3843093180053
4390,22678,950.8213008815105
4391,22679,928.3463647445011
4392,22680,843.5633026949879
4393,22681,673.207648518384
4394,22682,569.7410236392113
4395,22683,470.7566533005882
4396,22684,396.23729771172094
4397,22685,354.69774141786553
4398,22686,381.3963880289649
4399,22687,442.3190718175708
4400,22688,509.35800929361505
4401,22689,658.2018398391541
4402,22690,934.2427599384134
4403,22691,1035.7305968598848
4404,22692,1046.7038755344083
4405,22693,925.7279753931557
4406,22694,989.8287125683715
4407,22695,977.3263704719895
4408,22696,952.381649550671
4409,22697,974.5680599854976
4410,22698,998.553368563689
4411,22699,1059.565997259463
4412,22700,1018.2063307799422
4413,22701,950.3878707751071
4414,22702,953.8357588832216
4415,22703,931.2895688197241
4416,22704,846.2292607743284
4417,22705,675.3352225414687
4418,22706,571.5416065714587
4419,22707,472.2444106499899
4420,22708,397.48954756872143
4421,22709,355.8187116004657
4422,22710,382.60173536786493
4423,22711,443.7169563620871
4424,22712,510.9677605663588
4425,22713,660.2819902050485
4426,22714,937.1952971409758
4427,22715,1039.0038714842044
4428,22716,1050.0118295963537
4429,22717,928.6536028681613
4430,22718,992.9569210205464
4431,22719,980.4150671058858
4432,22720,955.3915120531339
4433,22721,977.6480393837064
4434,22722,1001.7091500113531
4435,22723,1062.914600170429
4436,22724,1021.4242225318785
4437,22725,953.3914322322087
4438,22726,956.8502168849326
4439,22727,934.2327728949472
4440,22728,848.8952188536689
4441,22729,677.4627965645534
4442,22730,573.3421895037059
4443,22731,473.73216799939155
4444,22732,398.74179742572187
4445,22733,356.9396817830658
4446,22734,383.8070827067649
4447,22735,445.11484090660326
4448,22736,512.5775118391023
4449,22737,662.3621405709426
4450,22738,940.1478343435379
4451,22739,1042.2771461085238
4452,22740,1053.319783658299
4453,22741,931.579230343167
4454,22742,996.0851294727208
4455,22743,983.5037637397819
4456,22744,958.4013745555965
4457,22745,980.7280187819151
4458,22746,1004.864931459017
4459,22747,1066.2632030813945
4460,22748,1024.6421142838149
4461,22749,956.3949936893105
4462,22750,959.8646748866436
4463,22751,937.17597697017
4464,22752,851.5611769330092
4465,22753,679.5903705876381
4466,22754,575.1427724359529
4467,22755,475.219925348793
4468,22756,399.99404728272225
4469,22757,358.06065196566595
4470,22758,385.01243004566487
4471,22759,446.5127254511196
4472,22760,514.1872631118459
4473,22761,664.4422909368369
4474,22762,943.1003715461
4475,22763,1045.5504207328436
4476,22764,1056.6277377202443
4477,22765,934.5048578181722
4478,22766,999.2133379248955
4479,22767,986.592460373678
4480,22768,961.4112370580591
4481,22769,983.8079981801237
4482,22770,1008.020712906681
4483,22771,1069.6118059923601
4484,22772,1027.8600060357512
4485,22773,959.398555146412
4486,22774,962.8791328883542
4487,22775,940.1191810453929
4488,22776,854.2271350123499
4489,22777,681.7179446107228
4490,22778,576.9433553682002
4491,22779,476.70768269819473
4492,22780,401.2462971397226
4493,22781,359.1816221482661
4494,22782,386.2177773845649
4495,22783,447.9106099956359
4496,22784,515.7970143845897
4497,22785,666.5224413027312
4498,22786,946.052908748662
4499,22787,1048.8236953571632
4500,22788,1059.93569178219
4501,22789,937.430485293178
4502,22790,1002.34154637707
4503,22791,989.6811570075743
4504,22792,964.4210995605217
4505,22793,986.8879775783327
4506,22794,1011.176494354345
4507,22795,1072.960408903326
4508,22796,1031.0778977876876
4509,22797,962.4021166035138
4510,22798,965.8935908900652
4511,22799,943.062385120616
4512,22800,856.8930930916902
4513,22801,683.8455186338074
4514,22802,578.7439383004473
4515,22803,478.1954400475964
4516,22804,402.49854699672306
4517,22805,360.3025923308662
4518,22806,387.42312472346487
4519,22807,449.3084945401521
4520,22808,517.4067656573334
4521,22809,668.6025916686255
4522,22810,949.0054459512241
4523,22811,1052.0969699814825
4524,22812,1063.243645844135
4525,22813,940.3561127681835
4526,22814,1005.4697548292447
4527,22815,992.7698536414703
4528,22816,967.4309620629843
4529,22817,989.9679569765412
4530,22818,1014.332275802009
4531,22819,1076.3090118142918
4532,22820,1034.2957895396241
4533,22821,965.4056780606155
4534,22822,968.9080488917762
4535,22823,946.005589195839
4536,22824,859.5590511710307
4537,22825,685.9730926568922
4538,22826,580.5445212326945
4539,22827,479.683197396998
4540,22828,403.7507968537235
4541,22829,361.4235625134663
4542,22830,388.62847206236484
4543,22831,450.7063790846684
4544,22832,519.0165169300769
4545,22833,670.6827420345196
4546,22834,951.9579831537862
4547,22835,1055.3702446058023
4548,22836,1066.5515999060804
4549,22837,943.281740243189
4550,22838,1008.5979632814192
4551,22839,995.8585502753663
4552,22840,970.440824565447
4553,22841,993.04793637475
4554,22842,1017.4880572496729
4555,22843,1079.6576147252574
4556,22844,1037.5136812915603
4557,22845,968.4092395177172
4558,22846,971.9225068934868
4559,22847,948.948793271062
4560,22848,862.2250092503712
4561,22849,688.1006666799769
4562,22850,582.3451041649417
4563,22851,481.1709547463996
4564,22852,405.0030467107239
4565,22853,362.5445326960665
4566,22854,389.8338194012648
4567,22855,452.10426362918474
4568,22856,520.6262682028206
4569,22857,672.762892400414
4570,22858,954.9105203563485
4571,22859,1058.643519230122
4572,22860,1069.859553968026
4573,22861,946.2073677181945
4574,22862,1011.726171733594
4575,22863,998.9472469092624
4576,22864,973.4506870679097
4577,22865,996.1279157729589
4578,22866,1020.6438386973371
4579,22867,1083.006217636223
4580,22868,1040.7315730434968
4581,22869,971.412800974819
4582,22870,974.9369648951979
4583,22871,951.891997346285
4584,22872,864.8909673297117
4585,22873,690.2282407030615
4586,22874,584.1456870971889
4587,22875,482.6587120958012
4588,22876,406.25529656772426
4589,22877,363.66550287866664
4590,22878,391.0391667401648
4591,22879,453.5021481737009
4592,22880,522.2360194755643
4593,22881,674.8430427663083
4594,22882,957.8630575589106
4595,22883,1061.9167938544413
4596,22884,1073.167508029971
4597,22885,949.1329951932001
4598,22886,1014.8543801857686
4599,22887,1002.0359435431585
4600,22888,976.4605495703725
4601,22889,999.2078951711676
4602,22890,1023.799620145001
4603,22891,1086.3548205471889
4604,22892,1043.9494647954332
4605,22893,974.4163624319206
4606,22894,977.9514228969088
4607,22895,954.8352014215079
4608,22896,867.556925409052
4609,22897,692.3558147261463
4610,22898,585.946270029436
4611,22899,484.14646944520285
4612,22900,407.5075464247247
4613,22901,364.78647306126675
4614,22902,392.24451407906474
4615,22903,454.90003271821723
4616,22904,523.8457707483078
4617,22905,676.9231931322024
4618,22906,960.8155947614727
4619,22907,1065.190068478761
4620,22908,1076.4754620919166
4621,22909,952.0586226682055
4622,22910,1017.9825886379432
4623,22911,1005.1246401770545
4624,22912,979.470412072835
4625,22913,1002.2878745693763
4626,22914,1026.9554015926649
4627,22915,1089.7034234581545
4628,22916,1047.1673565473693
4629,22917,977.4199238890221
4630,22918,980.9658808986196
4631,22919,957.7784054967308
4632,22920,870.2228834883925
4633,22921,694.4833887492309
4634,22922,587.7468529616833
4635,22923,485.63422679460456
4636,22924,408.75979628172513
4637,22925,365.9074432438669
4638,22926,393.4498614179648
4639,22927,456.29791726273356
4640,22928,525.4555220210515
4641,22929,679.0033434980968
4642,22930,963.7681319640349
4643,22931,1068.4633431030807
4644,22932,1079.783416153862
4645,22933,954.9842501432113
4646,22934,1021.110797090118
4647,22935,1008.2133368109508
4648,22936,982.4802745752978
4649,22937,1005.367853967585
4650,22938,1030.111183040329
4651,22939,1093.0520263691203
4652,22940,1050.3852482993059
4653,22941,980.4234853461239
4654,22942,983.9803389003305
4655,22943,960.7216095719539
4656,22944,872.888841567733
4657,22945,696.6109627723156
4658,22946,589.5474358939305
4659,22947,487.1219841440062
4660,22948,410.0120461387255
4661,22949,367.028413426467
4662,22950,394.6552087568648
4663,22951,457.6958018072497
4664,22952,527.0652732937951
4665,22953,681.083493863991
4666,22954,966.720669166597
4667,22955,1071.7366177274
4668,22956,1083.0913702158073
4669,22957,957.9098776182167
4670,22958,1024.2390055422925
4671,22959,1011.3020334448468
4672,22960,985.4901370777604
4673,22961,1008.4478333657938
4674,22962,1033.266964487993
4675,22963,1096.4006292800862
4676,22964,1053.6031400512422
4677,22965,983.4270468032256
4678,22966,986.9947969020413
4679,22967,963.6648136471769
4680,22968,875.5547996470734
4681,22969,698.7385367954003
4682,22970,591.3480188261776
4683,22971,488.6097414934077
4684,22972,411.2642959957259
4685,22973,368.1493836090671
4686,22974,395.86055609576476
4687,22975,459.09368635176605
4688,22976,528.6750245665388
4689,22977,683.1636442298852
4690,22978,969.6732063691591
4691,22979,1075.0098923517198
4692,22980,1086.3993242777524
4693,22981,960.8355050932223
4694,22982,1027.3672139944672
4695,22983,1014.3907300787429
4696,22984,988.4999995802231
4697,22985,1011.5278127640026
4698,22986,1036.4227459356568
4699,22987,1099.7492321910518
4700,22988,1056.8210318031784
4701,22989,986.4306082603273
4702,22990,990.0092549037522
4703,22991,966.6080177223998
4704,22992,878.220757726414
4705,22993,700.8661108184849
4706,22994,593.1486017584248
4707,22995,490.0974988428094
4708,22996,412.5165458527264
4709,22997,369.2703537916673
4710,22998,397.06590343466485
4711,22999,460.4915708962824
4712,23000,530.2847758392825
4713,23001,685.2437945957795
4714,23002,972.6257435717214
4715,23003,1078.2831669760394
4716,23004,1089.707278339698
4717,23005,963.7611325682278
4718,23006,1030.495422446642
4719,23007,1017.4794267126391
4720,23008,991.5098620826857
4721,23009,1014.6077921622114
4722,23010,1039.5785273833208
4723,23011,1103.0978351020176
4724,23012,1060.038923555115
4725,23013,989.4341697174291
4726,23014,993.0237129054631
4727,23015,969.5512217976227
4728,23016,880.8867158057544
4729,23017,702.9936848415697
4730,23018,594.949184690672
4731,23019,491.58525619221103
4732,23020,413.76879570972676
4733,23021,370.3913239742674
4734,23022,398.2712507735648
4735,23023,461.88945544079854
4736,23024,531.894527112026
4737,23025,687.3239449616738
4738,23026,975.5782807742835
4739,23027,1081.556441600359
4740,23028,1093.0152324016433
4741,23029,966.6867600432333
4742,23030,1033.6236308988164
4743,23031,1020.5681233465352
4744,23032,994.5197245851483
4745,23033,1017.6877715604201
4746,23034,1042.734308830985
4747,23035,1106.4464380129832
4748,23036,1063.2568153070513
4749,23037,992.4377311745307
4750,23038,996.038170907174
4751,23039,972.4944258728456
4752,23040,883.5526738850949
4753,23041,705.1212588646542
4754,23042,596.7497676229192
4755,23043,493.0730135416127
4756,23044,415.02104556672714
4757,23045,371.51229415686754
4758,23046,399.4765981124648
4759,23047,463.2873399853148
4760,23048,533.5042783847697
4761,23049,689.404095327568
4762,23050,978.5308179768456
4763,23051,1084.8297162246786
4764,23052,1096.3231864635886
4765,23053,969.6123875182388
4766,23054,1036.751839350991
4767,23055,1023.6568199804312
4768,23056,997.5295870876109
4769,23057,1020.7677509586288
4770,23058,1045.8900902786488
4771,23059,1109.7950409239488
4772,23060,1066.4747070589874
4773,23061,995.4412926316322
4774,23062,999.0526289088848
4775,23063,975.4376299480687
4776,23064,886.2186319644354
4777,23065,707.248832887739
4778,23066,598.5503505551663
4779,23067,494.5607708910143
4780,23068,416.27329542372763
4781,23069,372.6332643394677
4782,23070,400.68194545136475
4783,23071,464.6852245298312
4784,23072,535.1140296575134
4785,23073,691.4842456934623
4786,23074,981.4833551794079
4787,23075,1088.1029908489982
4788,23076,1099.6311405255342
4789,23077,972.5380149932446
4790,23078,1039.8800478031658
4791,23079,1026.7455166143275
4792,23080,1000.5394495900737
4793,23081,1023.8477303568377
4794,23082,1049.0458717263127
4795,23083,1113.1436438349147
4796,23084,1069.692598810924
4797,23085,998.444854088734
4798,23086,1002.0670869105959
4799,23087,978.3808340232916
4800,23088,888.8845900437759
4801,23089,709.3764069108238
4802,23090,600.3509334874136
4803,23091,496.048528240416
4804,23092,417.525545280728
4805,23093,373.75423452206786
4806,23094,401.8872927902648
4807,23095,466.0831090743475
4808,23096,536.723780930257
4809,23097,693.5643960593567
4810,23098,984.4358923819701
4811,23099,1091.3762654733177
4812,23100,1102.9390945874795
4813,23101,975.4636424682501
4814,23102,1043.0082562553407
4815,23103,1029.8342132482235
4816,23104,1003.5493120925365
4817,23105,1026.9277097550464
4818,23106,1052.2016531739769
4819,23107,1116.4922467458805
4820,23108,1072.9104905628606
4821,23109,1001.4484155458358
4822,23110,1005.0815449123068
4823,23111,981.3240380985147
4824,23112,891.5505481231164
4825,23113,711.5039809339085
4826,23114,602.1515164196608
4827,23115,497.53628558981757
4828,23116,418.77779513772845
4829,23117,374.87520470466796
4830,23118,403.09264012916475
4831,23119,467.4809936188637
4832,23120,538.3335322030007
4833,23121,695.6445464252508
4834,23122,987.3884295845322
4835,23123,1094.6495400976373
4836,23124,1106.2470486494249
4837,23125,978.3892699432556
4838,23126,1046.1364647075152
4839,23127,1032.9229098821197
4840,23128,1006.5591745949991
4841,23129,1030.0076891532551
4842,23130,1055.3574346216408
4843,23131,1119.8408496568463
4844,23132,1076.1283823147967
4845,23133,1004.4519770029375
4846,23134,1008.0960029140176
4847,23135,984.2672421737377
4848,23136,894.2165062024567
4849,23137,713.6315549569931
4850,23138,603.9520993519079
4851,23139,499.0240429392192
4852,23140,420.0300449947289
4853,23141,375.99617488726807
4854,23142,404.2979874680647
4855,23143,468.87887816338
4856,23144,539.9432834757444
4857,23145,697.7246967911451
4858,23146,990.3409667870943
4859,23147,1097.922814721957
4860,23148,1109.55500271137
4861,23149,981.3148974182611
4862,23150,1049.2646731596897
4863,23151,1036.0116065160157
4864,23152,1009.5690370974618
4865,23153,1033.087668551464
4866,23154,1058.513216069305
4867,23155,1123.1894525678117
4868,23156,1079.346274066733
4869,23157,1007.4555384600392
4870,23158,1011.1104609157285
4871,23159,987.2104462489606
4872,23160,896.8824642817974
4873,23161,715.7591289800778
4874,23162,605.7526822841552
4875,23163,500.51180028862086
4876,23164,421.28229485172926
4877,23165,377.11714506986823
4878,23166,405.50333480696474
4879,23167,470.2767627078963
4880,23168,541.553034748488
4881,23169,699.8048471570394
4882,23170,993.2935039896564
4883,23171,1101.1960893462767
4884,23172,1112.8629567733155
4885,23173,984.2405248932666
4886,23174,1052.3928816118646
4887,23175,1039.100303149912
4888,23176,1012.5788995999246
4889,23177,1036.1676479496728
4890,23178,1061.6689975169688
4891,23179,1126.5380554787778
4892,23180,1082.5641658186696
4893,23181,1010.459099917141
4894,23182,1014.1249189174393
4895,23183,990.1536503241837
4896,23184,899.5484223611377
4897,23185,717.8867030031624
4898,23186,607.5532652164023
4899,23187,501.99955763802245
4900,23188,422.53454470872964
4901,23189,378.23811525246833
4902,23190,406.7086821458647
4903,23191,471.6746472524125
4904,23192,543.1627860212316
4905,23193,701.8849975229336
4906,23194,996.2460411922185
4907,23195,1104.469363970596
4908,23196,1116.1709108352609
4909,23197,987.1661523682722
4910,23198,1055.521090064039
4911,23199,1042.188999783808
4912,23200,1015.5887621023871
4913,23201,1039.2476273478815
4914,23202,1064.8247789646327
4915,23203,1129.8866583897434
4916,23204,1085.7820575706057
4917,23205,1013.4626613742428
4918,23206,1017.1393769191503
4919,23207,993.0968543994065
4920,23208,902.2143804404782
4921,23209,720.0142770262471
4922,23210,609.3538481486495
4923,23211,503.48731498742404
4924,23212,423.7867945657301
4925,23213,379.3590854350685
4926,23214,407.9140294847647
4927,23215,473.07253179692884
4928,23216,544.7725372939752
4929,23217,703.9651478888279
4930,23218,999.1985783947806
4931,23219,1107.7426385949157
4932,23220,1119.4788648972062
4933,23221,990.0917798432778
4934,23222,1058.6492985162138
4935,23223,1045.277696417704
4936,23224,1018.5986246048499
4937,23225,1042.3276067460902
4938,23226,1067.9805604122967
4939,23227,1133.235261300709
4940,23228,1088.999949322542
4941,23229,1016.4662228313443
4942,23230,1020.1538349208611
4943,23231,996.0400584746295
4944,23232,904.8803385198187
4945,23233,722.1418510493319
4946,23234,611.1544310808968
4947,23235,504.97507233682575
4948,23236,425.0390444227305
4949,23237,380.48005561766865
4950,23238,409.11937682366465
4951,23239,474.4704163414451
4952,23240,546.3822885667189
4953,23241,706.0452982547222
4954,23242,1002.1511155973428
4955,23243,1111.0159132192355
4956,23244,1122.7868189591518
4957,23245,993.0174073182834
4958,23246,1061.7775069683885
4959,23247,1048.3663930516002
4960,23248,1021.6084871073124
4961,23249,1045.4075861442989
4962,23250,1071.1363418599608
4963,23251,1136.583864211675
4964,23252,1092.2178410744787
4965,23253,1019.4697842884461
4966,23254,1023.1682929225719
4967,23255,998.9832625498526
4968,23256,907.546296599159
4969,23257,724.2694250724165
4970,23258,612.9550140131439
4971,23259,506.4628296862274
4972,23260,426.2912942797309
4973,23261,381.60102580026876
4974,23262,410.3247241625646
4975,23263,475.86830088596133
4976,23264,547.9920398394624
4977,23265,708.1254486206165
4978,23266,1005.1036527999049
4979,23267,1114.2891878435548
4980,23268,1126.0947730210971
4981,23269,995.9430347932887
4982,23270,1064.905715420563
4983,23271,1051.4550896854962
4984,23272,1024.6183496097751
4985,23273,1048.4875655425078
4986,23274,1074.292123307625
4987,23275,1139.9324671226404
4988,23276,1095.4357328264148
4989,23277,1022.4733457455477
4990,23278,1026.182750924283
4991,23279,1001.9264666250756
4992,23280,910.2122546784994
4993,23281,726.3969990955012
4994,23282,614.7555969453911
4995,23283,507.9505870356289
4996,23284,427.54354413673127
4997,23285,382.72199598286886
4998,23286,411.5300715014646
4999,23287,477.26618543047766
5000,23288,549.6017911122061
5001,23289,710.2055989865107
5002,23290,1008.056190002467
5003,23291,1117.5624624678744
5004,23292,1129.4027270830422
5005,23293,998.8686622682943
5006,23294,1068.0339238727377
5007,23295,1054.5437863193924
5008,23296,1027.6282121122376
5009,23297,1051.5675449407163
5010,23298,1077.4479047552886
5011,23299,1143.2810700336063
5012,23300,1098.6536245783511
5013,23301,1025.4769072026493
5014,23302,1029.1972089259937
5015,23303,1004.8696707002985
5016,23304,912.87821275784
5017,23305,728.524573118586
5018,23306,616.5561798776382
5019,23307,509.43834438503063
5020,23308,428.79579399373176
5021,23309,383.8429661654691
5022,23310,412.7354188403647
5023,23311,478.66406997499394
5024,23312,551.2115423849498
5025,23313,712.285749352405
5026,23314,1011.0087272050293
5027,23315,1120.8357370921942
5028,23316,1132.7106811449876
5029,23317,1001.7942897432999
5030,23318,1071.1621323249124
5031,23319,1057.6324829532884
5032,23320,1030.6380746147006
5033,23321,1054.6475243389252
5034,23322,1080.6036862029528
5035,23323,1146.6296729445721
5036,23324,1101.8715163302877
5037,23325,1028.4804686597513
5038,23326,1032.2116669277048
5039,23327,1007.8128747755215
5040,23328,915.5441708371804
5041,23329,730.6521471416705
5042,23330,618.3567628098855
5043,23331,510.9261017344322
5044,23332,430.04804385073214
5045,23333,384.9639363480692
5046,23334,413.94076617926464
5047,23335,480.06195451951015
5048,23336,552.8212936576934
5049,23337,714.3658997182993
5050,23338,1013.9612644075914
5051,23339,1124.1090117165136
5052,23340,1136.0186352069331
5053,23341,1004.7199172183055
5054,23342,1074.2903407770868
5055,23343,1060.7211795871845
5056,23344,1033.647937117163
5057,23345,1057.727503737134
5058,23346,1083.7594676506167
5059,23347,1149.9782758555377
5060,23348,1105.0894080822238
5061,23349,1031.4840301168529
5062,23350,1035.2261249294156
5063,23351,1010.7560788507444
5064,23352,918.210128916521
5065,23353,732.7797211647553
5066,23354,620.1573457421327
5067,23355,512.4138590838339
5068,23356,431.30029370773264
5069,23357,386.0849065306693
5070,23358,415.1461135181647
5071,23359,481.4598390640265
5072,23360,554.4310449304371
5073,23361,716.4460500841935
5074,23362,1016.9138016101538
5075,23363,1127.3822863408332
5076,23364,1139.3265892688785
5077,23365,1007.645544693311
5078,23366,1077.4185492292615
5079,23367,1063.8098762210807
5080,23368,1036.6577996196258
5081,23369,1060.8074831353429
5082,23370,1086.9152490982808
5083,23371,1153.3268787665036
5084,23372,1108.3072998341604
5085,23373,1034.4875915739547
5086,23374,1038.2405829311265
5087,23375,1013.6992829259674
5088,23376,920.8760869958614
5089,23377,734.90729518784
5090,23378,621.9579286743798
5091,23379,513.9016164332355
5092,23380,432.552543564733
5093,23381,387.2058767132695
5094,23382,416.3514608570647
5095,23383,482.85772360854276
5096,23384,556.0407962031808
5097,23385,718.5262004500878
5098,23386,1019.8663388127159
5099,23387,1130.655560965153
5100,23388,1142.6345433308238
5101,23389,1010.5711721683166
5102,23390,1080.5467576814362
5103,23391,1066.898572854977
5104,23392,1039.6676621220886
5105,23393,1063.8874625335513
5106,23394,1090.0710305459447
5107,23395,1156.6754816774692
5108,23396,1111.5251915860968
5109,23397,1037.4911530310562
5110,23398,1041.2550409328373
5111,23399,1016.6424870011904
